event eta phi energy
0 -1.6 -1.2 116.485
0 -1.8 -1.4 98.5059
0 -1.8 -1.3 127.824
0 -2 -1.2 11.1333
0 -2 -1.5 55.3479
0 -1.9 -1.1 32.3573
0 -1.4 -1.4 63.3067
0 -1.4 -1.2 30.0072
0 -1.8 -0.8 40.0961
0 -1.9 -0.9 41.8949
0 -1.5 -1 37.2738
0 -1.8 -1.2 37.6328
0 -1.8 -0.9 13.5676
0 -2 -1.6 66.7675
0 1.6 -0.8 88.0181
0 1.5 -1.1 75.6705
0 1.5 -0.6 136.008
0 1.6 -1 34.028
0 2.1 -0.8 45.1281
0 1.6 -0.7 32.2636
0 1.6 -0.6 57.0624
0 1.8 -0.6 63.981
0 1.8 -0.7 58.6491
0 2 -0.4 22.1071
0 1.8 -0.4 27.6637
0 1.8 -0.9 66.8835
0 -1.3 0.7 1e-08
0 -1.6 -0.6 1e-08
0 1.1 2.2 1e-08
0 0.9 -2.6 1e-08
0 -2.3 -0.1 1e-08
0 1.7 -0.2 1e-08
0 2.7 3 1e-08
0 -1 -1.9 1e-08
0 -1 1 1e-08
0 1.1 0.7 1e-08
0 -2.4 1.7 1e-08
0 1.4 -1.6 1e-08
0 -1.4 2.9 1e-08
0 -0.5 -1 1e-08
0 -3 2.3 1e-08
0 -3 -2.1 1e-08
0 -3 0.7 1e-08
0 1.4 0.7 1e-08
0 2.8 0 1e-08
0 0.2 -0.2 1e-08
0 1.3 0.5 1e-08
0 1.1 2.9 1e-08
0 -2.9 -1.4 1e-08
0 2.3 -1.3 1e-08
0 -1.1 -1.3 1e-08
0 2.7 2.2 1e-08
0 1.5 0.2 1e-08
0 -0.6 -1.8 1e-08
0 -2.6 -1.3 1e-08
0 -2.9 -1.6 1e-08
0 -0.7 -0.3 1e-08
0 -0.8 -0.4 1e-08
0 -2.3 1.9 1e-08
0 -2 -1.4 1e-08
0 -2 2.7 1e-08
0 1.1 -2.3 1e-08
0 -1.5 -0.6 1e-08
0 -0.8 1.4 1e-08
0 -1.4 1.2 1e-08
0 0 -2.4 1e-08
0 -2.1 1.1 1e-08
0 1.3 3 1e-08
0 1.2 0.4 1e-08
0 1.1 2.9 1e-08
0 0.6 1.7 1e-08
0 2.5 1 1e-08
0 1 0.5 1e-08
0 2.8 -2.1 1e-08
0 -1 2.8 1e-08
0 -2.4 0.8 1e-08
0 2.8 3.1 1e-08
0 -2.6 0 1e-08
0 1.1 0.3 1e-08
0 0.5 1.2 1e-08
0 -0.2 0.5 1e-08
0 -2.6 0.9 1e-08
0 -0.7 -1.8 1e-08
0 -3 0 1e-08
0 -1.9 -3 1e-08
0 2.5 1.5 1e-08
0 -0.3 -0.5 1e-08
0 1.6 -0.4 1e-08
0 -1.9 0.5 1e-08
0 -2.2 -1.1 1e-08
0 -0.1 2.8 1e-08
0 2.6 -2.7 1e-08
0 0.7 0.1 1e-08
0 0.8 -2.3 1e-08
0 0.9 -2.3 1e-08
0 0.9 -1.5 1e-08
0 -0.7 0.6 1e-08
0 1 0.3 1e-08
0 -2.9 -2 1e-08
0 3 0.5 1e-08
0 0.8 0.6 1e-08
0 0.1 -1.1 1e-08
0 -0.6 2.4 1e-08
0 1.7 0.6 1e-08
0 -2.9 -3.1 1e-08
0 1.2 -1.5 1e-08
0 1.4 3.1 1e-08
0 2 0.8 1e-08
0 2.5 -2.8 1e-08
0 1.5 -0.8 1e-08
0 -2.8 1.7 1e-08
0 2.1 -1 1e-08
0 -2.6 -1.7 1e-08
0 -2.1 -0.6 1e-08
0 0.2 2 1e-08
0 -2.8 -2.4 1e-08
0 0.5 2.1 1e-08
0 -1.8 -1.6 1e-08
0 3 -1.5 1e-08
0 2.4 2.2 1e-08
0 -1.2 -2.9 1e-08
0 1.3 -1.9 1e-08
0 0.1 -3 1e-08
0 1.1 2 1e-08
0 1.9 -0.1 1e-08
0 0.2 1.8 1e-08
0 -1 1.3 1e-08
0 -0.5 2 1e-08
0 2.7 0.3 1e-08
0 1.3 -0.8 1e-08
0 0.9 -2.9 1e-08
0 -2.1 2.4 1e-08
0 1.4 2.9 1e-08
0 -0.4 -2.3 1e-08
0 -0.4 -0.2 1e-08
0 -0.5 -1.4 1e-08
0 -1.4 2.9 1e-08
0 1.9 3 1e-08
0 3 2.8 1e-08
0 -1.5 -3.1 1e-08
0 -0.3 1.1 1e-08
0 0 -3 1e-08
0 2 -2.5 1e-08
0 -2.5 2.5 1e-08
0 -0.3 2.6 1e-08
0 0.3 1.6 1e-08
0 1.9 0.2 1e-08
0 -2.7 -2.8 1e-08
0 2.4 -2.2 1e-08
0 -0.1 -2.7 1e-08
0 -1.3 2.7 1e-08
0 0 0.4 1e-08
0 1.8 0.9 1e-08
0 -1.2 -2.8 1e-08
0 -1.5 1.3 1e-08
0 1 0.7 1e-08
0 -2.1 1.9 1e-08
0 1 2.2 1e-08
0 1.9 -2.7 1e-08
0 -2.6 2.5 1e-08
0 1.6 -2.7 1e-08
0 2.1 1.7 1e-08
0 1.1 -1.7 1e-08
0 -0.2 2.7 1e-08
0 1 -0.3 1e-08
0 2.4 0.5 1e-08
0 -2.9 1.7 1e-08
0 -0.9 0.7 1e-08
0 -1.7 0.9 1e-08
0 0.4 1.9 1e-08
0 2.8 -0.6 1e-08
0 3 1.5 1e-08
0 -0.3 -0.7 1e-08
0 -2.3 0.2 1e-08
0 2 2.6 1e-08
0 2 -0.3 1e-08
0 -1.4 1 1e-08
0 1.6 1 1e-08
0 0 2.1 1e-08
0 0.7 -0.3 1e-08
0 0.3 -0.8 1e-08
0 1 2.6 1e-08
0 -1.4 -2.4 1e-08
0 2.8 1.2 1e-08
0 -0.3 0.8 1e-08
0 -0.8 -1.6 1e-08
0 -1.2 1.3 1e-08
0 -2.8 0 1e-08
0 -2.6 -2.4 1e-08
0 3 -0.9 1e-08
0 1.6 2.5 1e-08
0 -0.6 2 1e-08
0 -0.9 -1.5 1e-08
0 -0.8 1.6 1e-08
0 0.5 -0.1 1e-08
0 1.1 -1.1 1e-08
0 2.2 2.1 1e-08
0 -2.1 -1.1 1e-08
0 2.7 -2.5 1e-08
0 -1.6 2.3 1e-08
0 -0.9 3.1 1e-08
0 -2.9 2.1 1e-08
0 0.1 -0.1 1e-08
0 2.8 2.9 1e-08
0 1.1 2.3 1e-08
0 -0.3 -1.1 1e-08
0 -2.7 -0.3 1e-08
0 -1.7 -1 1e-08
0 0.3 -1.1 1e-08
0 2.4 -0.1 1e-08
0 -1.5 3 1e-08
0 2.5 -1.7 1e-08
0 -1.1 -1.3 1e-08
0 -2.2 -2.5 1e-08
0 -1.9 -1.2 1e-08
0 2.3 -0.7 1e-08
0 1.8 -1.9 1e-08
0 3 2.4 1e-08
0 -2.4 -0.9 1e-08
0 0.3 1.2 1e-08
0 0.9 -0.9 1e-08
0 -2.6 -1.9 1e-08
0 1.3 1.5 1e-08
0 1.6 -1.6 1e-08
0 1 2.4 1e-08
0 -0.8 0.2 1e-08
0 0 -1.2 1e-08
0 0.7 -3 1e-08
0 1.1 -0.4 1e-08
0 -1.6 3.1 1e-08
0 -1.2 0 1e-08
0 1.5 2.5 1e-08
0 -2.8 -0.5 1e-08
0 -1.7 -0.1 1e-08
0 -2 -2.6 1e-08
0 -0.7 -3 1e-08
0 -1 0.2 1e-08
0 -0.1 2.4 1e-08
0 -0.3 0 1e-08
0 -0.6 2.4 1e-08
0 -0.6 2.2 1e-08
0 2 2.8 1e-08
0 -1.6 0.9 1e-08
0 0 -2.7 1e-08
0 1.7 -2.9 1e-08
0 1.2 2.8 1e-08
0 1.2 1.7 1e-08
0 -1.9 -3.1 1e-08
0 2.1 2.6 1e-08
0 -1.6 -2 1e-08
0 1.4 -2.1 1e-08
0 3 3 1e-08
0 1 -3 1e-08
0 1.6 -0.9 1e-08
0 0.1 1.5 1e-08
0 0.4 -1.3 1e-08
0 -0.5 3 1e-08
0 -0.8 0.1 1e-08
0 2.1 2.9 1e-08
0 -1.5 -0.1 1e-08
0 -0.4 -0.8 1e-08
0 -1.8 0.3 1e-08
0 -1.5 0.3 1e-08
0 2.3 -1.6 1e-08
0 -2.1 -1.8 1e-08
0 -2.3 1.6 1e-08
0 -2.1 -0.1 1e-08
0 0.3 2.4 1e-08
0 -2.9 0.3 1e-08
0 -1.1 1.8 1e-08
0 2.3 1.5 1e-08
0 -2.5 -1.3 1e-08
0 0.8 0.5 1e-08
0 1.3 0.9 1e-08
0 -1.6 3 1e-08
0 2.8 -1.3 1e-08
0 3 0.4 1e-08
0 2.1 -2.2 1e-08
0 -0.2 0.7 1e-08
0 -1.9 -1 1e-08
0 0.6 2.1 1e-08
0 -1.9 -3 1e-08
0 -1.2 -2.4 1e-08
0 -1.4 2.4 1e-08
0 -0.8 2.5 1e-08
0 -0.6 2.4 1e-08
0 0.9 -1.7 1e-08
0 0.2 -1.3 1e-08
0 -2.5 2.7 1e-08
0 -2.3 -0.9 1e-08
0 -2.6 0.9 1e-08
0 1.2 -1 1e-08
0 -0.8 -1.2 1e-08
0 0.2 -2.5 1e-08
0 -0.1 -1.1 1e-08
0 1.3 2.4 1e-08
0 -0.7 2.2 1e-08
0 -0.2 0.2 1e-08
0 0 -1.5 1e-08
0 0.5 -2.8 1e-08
0 2.8 1.7 1e-08
0 -2.8 0 1e-08
0 -2.7 0.4 1e-08
0 2.8 0.8 1e-08
0 0.2 1.2 1e-08
0 -1.9 0.3 1e-08
0 1 -2.2 1e-08
0 2.7 -2 1e-08
0 0.5 2.2 1e-08
0 -2.4 1.1 1e-08
0 1.8 1 1e-08
0 -3 -1.9 1e-08
0 0.8 -2.9 1e-08
0 1.1 1.1 1e-08
0 1 -0.7 1e-08
0 1 0.8 1e-08
0 2.8 3.1 1e-08
0 -2.4 -2.7 1e-08
0 -0.5 2.8 1e-08
0 1.3 -0.2 1e-08
0 -2.8 1.6 1e-08
0 1.1 -1.8 1e-08
0 -0.6 2.9 1e-08
0 -2.9 2.7 1e-08
0 2.1 1 1e-08
0 2.2 1 1e-08
0 -0.3 -1.2 1e-08
0 -0.9 -1.4 1e-08
0 -1.6 -3 1e-08
0 0.9 1.3 1e-08
0 0.7 -2.4 1e-08
0 -0.3 2.7 1e-08
0 -2.3 -0.6 1e-08
0 -1.5 1.8 1e-08
0 1 -3 1e-08
0 -0.1 2.6 1e-08
0 1.2 0.8 1e-08
0 0.5 0.8 1e-08
0 1.4 0.9 1e-08
0 -0.2 0.7 1e-08
0 -1.5 1.9 1e-08
0 -1.7 -0.3 1e-08
0 2.3 -1.9 1e-08
0 0.1 -2.4 1e-08
0 0.5 -1.5 1e-08
0 -1.8 0.3 1e-08
0 2.1 0.1 1e-08
0 0.4 1 1e-08
0 3 -2 1e-08
0 -2.3 -2.7 1e-08
0 0.7 -1.2 1e-08
0 2.4 1.9 1e-08
0 -0.4 0.2 1e-08
0 -0.3 0.8 1e-08
0 0.4 2.9 1e-08
0 2.5 1.3 1e-08
0 -0.8 1.2 1e-08
0 -1.8 0.7 1e-08
0 -0.5 2 1e-08
0 1.6 1.3 1e-08
0 -0.8 2 1e-08
0 1.5 -2.8 1e-08
0 0.2 0.7 1e-08
0 -1.4 1.9 1e-08
0 -1.6 2.5 1e-08
0 -1.5 -1.9 1e-08
0 -3 2.2 1e-08
0 0.7 2.2 1e-08
0 -2.2 2.3 1e-08
0 1.3 -2.6 1e-08
0 -2.9 1.8 1e-08
0 -2.9 0 1e-08
0 -2.6 1.7 1e-08
0 2.3 2.4 1e-08
0 2.3 2.3 1e-08
0 -0.3 2.5 1e-08
0 0.3 -2.8 1e-08
0 0.6 0.4 1e-08
0 1.7 -1.3 1e-08
0 -2.8 -0.6 1e-08
0 -1.3 1.9 1e-08
0 0 1.2 1e-08
0 0 -0.3 1e-08
1 -2 -0.6 121.52
1 -1.8 -0.2 93.3473
1 -2.1 -0.8 88.2193
1 -2.1 -0.6 38.2682
1 -0.5 -1.6 90.1014
1 -0.5 -1.8 114.441
1 -0.4 -1.6 98.768
1 -1.2 1.1 1e-08
1 1.4 0.5 1e-08
1 0.2 1.9 1e-08
1 3 -1.1 1e-08
1 0.6 1.6 1e-08
1 1.8 -2.7 1e-08
1 0.3 -3.1 1e-08
1 1.7 1.2 1e-08
1 2.8 0.1 1e-08
1 -0.9 -0.1 1e-08
1 -0.4 3.1 1e-08
1 0.6 1.8 1e-08
1 2.9 -0.1 1e-08
1 -2.5 3 1e-08
1 -2.3 0.8 1e-08
1 -1.9 -1.8 1e-08
1 -3 -0.8 1e-08
1 -1 1.4 1e-08
1 -0.8 -3 1e-08
1 -2.2 0.5 1e-08
1 1.4 2.3 1e-08
1 -2.2 -2.8 1e-08
1 -0.6 -1.6 1e-08
1 -0.2 2.3 1e-08
1 -0.3 -2.7 1e-08
1 -1.1 0 1e-08
1 1.5 1.2 1e-08
1 2.9 -1.1 1e-08
1 1.9 -2.8 1e-08
1 1.5 -1.2 1e-08
1 -2.5 2.7 1e-08
1 1.5 -2.5 1e-08
1 1.3 -1.8 1e-08
1 2.8 1.6 1e-08
1 1.5 0.1 1e-08
1 -2.5 0.9 1e-08
1 0.2 1.6 1e-08
1 2.2 -2.9 1e-08
1 -2.5 1 1e-08
1 2.8 -0.1 1e-08
1 2.2 -2.6 1e-08
1 1.3 2.2 1e-08
1 1.9 1.4 1e-08
1 -0.6 0.9 1e-08
1 0.1 -0.8 1e-08
1 -0.9 0.6 1e-08
1 -2.5 -1.4 1e-08
1 -0.2 0.8 1e-08
1 -2 -1.3 1e-08
1 -0.7 2.5 1e-08
1 2.6 2.5 1e-08
1 -0.3 -0.4 1e-08
1 0.1 -0.8 1e-08
1 -0.6 3 1e-08
1 -0.8 -2.4 1e-08
1 -1.6 1.2 1e-08
1 2.8 2.6 1e-08
1 -2.7 1 1e-08
1 2.6 -2.7 1e-08
1 2.8 -0.2 1e-08
1 -0.2 -1.5 1e-08
1 -0.4 -1.3 1e-08
1 1.5 -2.7 1e-08
1 -2 -0.4 1e-08
1 -1.3 0.3 1e-08
1 0.9 3 1e-08
1 -1.9 -0.5 1e-08
1 2.7 1.4 1e-08
1 -1.1 1.5 1e-08
1 2.9 -3 1e-08
1 -1.5 1.7 1e-08
1 -0.3 1.8 1e-08
1 -1.6 -1.1 1e-08
1 -0.7 1.2 1e-08
1 -2.8 -0.6 1e-08
1 2.7 -0.4 1e-08
1 0.1 -2.5 1e-08
1 -1.9 -0.1 1e-08
1 -1.3 0.7 1e-08
1 2.7 -1.5 1e-08
1 3 -1.8 1e-08
1 2.4 -1.8 1e-08
1 -1.4 -0.3 1e-08
1 1.9 -2.6 1e-08
1 2.2 1.8 1e-08
1 2 -1.9 1e-08
1 -2.4 2.2 1e-08
1 -2.2 1.2 1e-08
1 0.9 0 1e-08
1 -0.8 2.6 1e-08
1 -1.8 0.8 1e-08
1 -0.9 2 1e-08
1 0.2 3 1e-08
1 1 2.9 1e-08
1 -2.4 -0.4 1e-08
1 -2.9 -1.3 1e-08
1 -1.1 1.1 1e-08
1 -0.2 3.1 1e-08
1 -0.1 -2.4 1e-08
1 -2.9 1.2 1e-08
1 -0.7 -0.1 1e-08
1 1.5 -2.7 1e-08
1 1.8 -1.2 1e-08
1 -3 -2.4 1e-08
1 1.2 -2 1e-08
1 -2.5 -0.9 1e-08
1 1.5 0.1 1e-08
1 1.3 2 1e-08
1 -3 1.9 1e-08
1 -1 0.6 1e-08
1 -0.4 -0.3 1e-08
1 -1.4 -0.5 1e-08
1 -1.4 -0.5 1e-08
1 2.5 0.8 1e-08
1 0.4 2.6 1e-08
1 1.7 -1.8 1e-08
1 0.3 1.2 1e-08
1 -3 -2 1e-08
1 1 1.6 1e-08
1 0.2 1.4 1e-08
1 0.6 -0.2 1e-08
1 2.1 -2.8 1e-08
1 1.5 0.3 1e-08
1 -2.4 -0.4 1e-08
1 1.7 3.1 1e-08
1 -1.5 -1.4 1e-08
1 -0.4 1.6 1e-08
1 2.7 2.7 1e-08
1 -0.8 -0.3 1e-08
1 -0.1 0.6 1e-08
1 -0.9 -1.8 1e-08
1 2.4 2.2 1e-08
1 -2.9 -2 1e-08
1 1.7 1.7 1e-08
1 -0.1 -2.4 1e-08
1 0.5 -1 1e-08
1 0.1 -2.8 1e-08
1 -1.8 -2 1e-08
1 -0.9 -1.8 1e-08
1 -2.3 -2.3 1e-08
1 0.2 0.4 1e-08
1 -0.3 -2.7 1e-08
1 -0.1 2.4 1e-08
1 2.6 -2.1 1e-08
1 -1.2 0.2 1e-08
1 -0.9 1.8 1e-08
1 -1.6 1.8 1e-08
1 2.8 1.2 1e-08
1 -2 -1.2 1e-08
1 0.6 -1 1e-08
1 -0.9 -2.1 1e-08
1 1.6 1.7 1e-08
1 2.9 -2.3 1e-08
1 -2.2 2.4 1e-08
1 -1 -1.1 1e-08
1 1.8 1.7 1e-08
1 -2.7 2 1e-08
1 0.5 -3 1e-08
1 -2.6 0.4 1e-08
1 -3 1 1e-08
1 -0.1 2.5 1e-08
1 -2.1 -2.5 1e-08
1 -2.9 -0.5 1e-08
1 1.7 -2.1 1e-08
1 0.1 -3 1e-08
1 -2.7 1 1e-08
1 -2.1 -2.7 1e-08
1 2.6 -1.9 1e-08
1 -0.5 -2.6 1e-08
1 0.5 -2.7 1e-08
1 0.7 -2.3 1e-08
1 -0.4 0.2 1e-08
1 2.9 -1.3 1e-08
1 0.8 -2 1e-08
1 2.9 -1.6 1e-08
1 2 -2.5 1e-08
1 3 -0.7 1e-08
1 1 0.3 1e-08
1 -2.2 1.9 1e-08
1 -2.8 2 1e-08
1 -0.8 0.6 1e-08
1 1.5 0.1 1e-08
1 -0.9 0.4 1e-08
1 -1.2 2.7 1e-08
1 -2.5 -0.1 1e-08
1 -1.1 3 1e-08
1 -2.3 0.3 1e-08
1 2 -0.7 1e-08
1 -1.6 1.7 1e-08
1 0.2 -2.1 1e-08
1 -2.4 0.1 1e-08
1 -0.1 0.5 1e-08
1 2.7 1.5 1e-08
1 2.1 2.2 1e-08
1 -1 -2.1 1e-08
1 2.1 3 1e-08
1 -2.8 1.7 1e-08
1 -1.6 1.5 1e-08
1 1.1 -0.2 1e-08
1 -1.8 -2.5 1e-08
1 2.9 1.3 1e-08
1 -0.6 0.1 1e-08
1 1.3 0.6 1e-08
1 0.1 -2.5 1e-08
1 -2.3 1.4 1e-08
1 1.3 -0.9 1e-08
1 -2.7 -0.4 1e-08
1 0.1 -3 1e-08
1 1.1 -1.2 1e-08
1 2 3 1e-08
1 -0.2 0 1e-08
1 -0.1 2.8 1e-08
1 1.3 2.3 1e-08
1 -2.3 2.8 1e-08
1 -1.5 2.8 1e-08
1 0.1 -2.6 1e-08
1 -0.2 -2.5 1e-08
1 -2.6 -0.4 1e-08
1 1.8 -1.9 1e-08
1 -1.6 1.9 1e-08
1 0 2.5 1e-08
1 2.3 0.8 1e-08
1 1 -0.9 1e-08
1 -0.4 0.4 1e-08
1 0 2.9 1e-08
1 -1 1.8 1e-08
1 1 -1.5 1e-08
1 -2.7 -1.9 1e-08
1 1.7 -2.7 1e-08
1 -1.3 -1.5 1e-08
1 -2 1.8 1e-08
1 2.9 1.7 1e-08
1 -2.2 2.2 1e-08
1 1.2 -3.1 1e-08
1 -1 2 1e-08
1 -2.9 -2.1 1e-08
1 -0.1 1.4 1e-08
1 2.4 2.6 1e-08
1 1.1 -1.8 1e-08
1 -0.8 0.7 1e-08
1 -2.3 1.2 1e-08
1 -2.4 0.4 1e-08
1 -1.4 -1.7 1e-08
1 -0.6 1.1 1e-08
1 0.3 1.1 1e-08
1 0.5 0.8 1e-08
1 -2.8 -0.5 1e-08
1 1.8 0.5 1e-08
1 2.4 -2.5 1e-08
1 -2 2.8 1e-08
1 2.6 -2.6 1e-08
1 -1.4 -3.1 1e-08
1 2.8 2.2 1e-08
1 -1.1 -1.8 1e-08
1 3 -1.8 1e-08
1 0.3 -2.7 1e-08
1 2.5 -0.6 1e-08
1 -0.3 0.8 1e-08
1 -1.6 -0.6 1e-08
1 0.3 -2.5 1e-08
1 0.8 -3 1e-08
1 -1.1 3.1 1e-08
1 -2 -2.9 1e-08
1 -0.8 -2.7 1e-08
1 0.3 -2.9 1e-08
1 2.7 1 1e-08
1 1 0.3 1e-08
1 0.7 0.7 1e-08
1 0.1 -2.3 1e-08
1 -1.1 2 1e-08
1 -2.6 2.1 1e-08
1 2.5 0.5 1e-08
1 -0.9 0.6 1e-08
1 2.8 -1.6 1e-08
1 0.2 -2.5 1e-08
1 2.7 0.6 1e-08
1 2.1 2.3 1e-08
1 -2.5 2.2 1e-08
1 -0.9 -2 1e-08
1 -1.8 -0.1 1e-08
1 -0.6 2.9 1e-08
1 -2 -1.9 1e-08
1 1.3 0.7 1e-08
1 -3 -1 1e-08
1 2.2 0.9 1e-08
1 -3 -0.6 1e-08
1 1.4 -0.3 1e-08
1 -0.6 0 1e-08
1 2.4 0.9 1e-08
1 -1 -2.2 1e-08
1 1.8 -1.7 1e-08
1 2.5 0.3 1e-08
1 1.7 -0.4 1e-08
1 1.6 -0.8 1e-08
1 -1.3 2.6 1e-08
1 -2.6 -1.8 1e-08
1 0.2 0.8 1e-08
1 0.4 -2.8 1e-08
1 -2.1 -2.8 1e-08
1 2.8 -1.4 1e-08
1 2.4 1.1 1e-08
1 -0.2 0.5 1e-08
1 0.2 3 1e-08
1 2.9 -0.9 1e-08
1 0.5 -2.6 1e-08
1 -1.4 -1.7 1e-08
1 -0.3 -2.6 1e-08
1 1.1 -1 1e-08
1 2.5 -1.6 1e-08
1 -1.4 -2.2 1e-08
1 2 -0.8 1e-08
1 -0.6 2.4 1e-08
1 0.8 -1.7 1e-08
1 2.4 -1.7 1e-08
1 -0.8 -2.1 1e-08
1 -3 1.8 1e-08
1 1 -2.4 1e-08
1 -2.6 -2.4 1e-08
1 0.9 2.2 1e-08
1 1.3 2.4 1e-08
1 -2.7 2.7 1e-08
1 -2.1 -2.8 1e-08
1 0.7 0.6 1e-08
1 -1.9 -1.7 1e-08
1 1.9 3.1 1e-08
1 -0.6 -1.8 1e-08
1 0.3 -0.6 1e-08
1 -0.1 -0.9 1e-08
1 -2 -1.2 1e-08
1 -1.6 0.9 1e-08
1 -1.2 -3 1e-08
1 2.1 -1.5 1e-08
1 -1.6 1.5 1e-08
1 2.9 -1.3 1e-08
1 2.3 2.5 1e-08
1 -2.4 -0.5 1e-08
1 1.3 1.5 1e-08
1 -2.5 2.7 1e-08
1 3 -1.1 1e-08
1 0.3 -2.7 1e-08
1 1.9 0.4 1e-08
1 -2.9 2.7 1e-08
1 1.8 1.4 1e-08
1 -1.7 -2.8 1e-08
1 -0.7 1 1e-08
1 -1.2 -2.9 1e-08
1 -2.9 0.6 1e-08
1 1.3 2.8 1e-08
1 -1.4 0.1 1e-08
1 1.9 0.1 1e-08
1 1.9 0 1e-08
1 -2.9 -1.8 1e-08
1 0.2 -1.3 1e-08
1 0.6 -0.6 1e-08
1 0.6 2.2 1e-08
1 -1.7 0.6 1e-08
1 -3 2.6 1e-08
1 1 1.7 1e-08
2 0.2 0.3 94.8436
2 0.4 0 56.0957
2 0.3 0.7 117.388
2 0.1 0.5 50.5174
2 0.4 0.2 38.6482
2 0.3 0.2 51.0443
2 0 0.4 41.9002
2 0.6 0.5 49.2117
2 0 0.5 20.2806
2 0.3 0.4 66.024
2 0.2 0.4 36.067
2 0.1 0.4 37.2061
2 0.7 -1.6 98.3179
2 0.3 -1.6 131.719
2 0.7 -1.8 94.0016
2 0.9 -1.7 29.9201
2 0.7 -2 44.4823
2 0.7 -1.7 34.888
2 0.8 -1.4 8.06795
2 0.6 -2.1 80.8663
2 0.8 -1.9 38.403
2 0.4 -2.8 1e-08
2 -2.9 -1.4 1e-08
2 -0.7 2.1 1e-08
2 0.5 -0.9 1e-08
2 1.5 2.8 1e-08
2 -2.6 -2.2 1e-08
2 1.6 -0.7 1e-08
2 1.6 2 1e-08
2 0.3 -1.5 1e-08
2 -0.5 3.1 1e-08
2 1.5 2.5 1e-08
2 -0.2 1.7 1e-08
2 0.8 -1.7 1e-08
2 -2 -0.3 1e-08
2 -2.2 2.4 1e-08
2 -1.9 -0.7 1e-08
2 1.2 -0.7 1e-08
2 1.5 0.6 1e-08
2 -2.4 1.9 1e-08
2 -0.7 -2.8 1e-08
2 0.8 2.4 1e-08
2 -1.3 1 1e-08
2 1.2 -1.4 1e-08
2 -0.7 0.3 1e-08
2 -1.7 -2.9 1e-08
2 2.9 0.8 1e-08
2 -0.4 -0.9 1e-08
2 0.9 -0.6 1e-08
2 1.1 0.6 1e-08
2 2 -1.9 1e-08
2 -1.4 -0.6 1e-08
2 1.1 -3.1 1e-08
2 -2.3 2.8 1e-08
2 2.1 -1.4 1e-08
2 1.5 0.9 1e-08
2 -0.6 -0.7 1e-08
2 -2.5 1.2 1e-08
2 -0.4 -1.8 1e-08
2 0.8 -2.1 1e-08
2 -0.5 0.8 1e-08
2 -3 1.4 1e-08
2 -0.9 -2.3 1e-08
2 2.7 -0.8 1e-08
2 0.2 -1.9 1e-08
2 1.8 -1.8 1e-08
2 2.2 -3 1e-08
2 0.2 2.7 1e-08
2 1.7 -0.1 1e-08
2 -0.2 -2.1 1e-08
2 0.8 -2.7 1e-08
2 -1.5 -1.2 1e-08
2 2 -2.9 1e-08
2 -0.1 1.6 1e-08
2 0.1 0.2 1e-08
2 0.5 -1.5 1e-08
2 2.2 -3.1 1e-08
2 2.1 0.3 1e-08
2 0 2 1e-08
2 -2.8 1.3 1e-08
2 -1.3 -0.9 1e-08
2 0.8 0.3 1e-08
2 1.2 0.1 1e-08
2 2.7 2.7 1e-08
2 2.1 1.2 1e-08
2 -0.3 -0.5 1e-08
2 2.5 2.7 1e-08
2 2 1.7 1e-08
2 -1.8 -0.8 1e-08
2 -0.5 2.7 1e-08
2 0.3 1.3 1e-08
2 0.9 2.8 1e-08
2 0.2 -0.2 1e-08
2 -1.7 -0.6 1e-08
2 2.9 1.9 1e-08
2 -1 -0.3 1e-08
2 1.9 -0.4 1e-08
2 -1 -2 1e-08
2 1.9 0.2 1e-08
2 2.3 -1.5 1e-08
2 1.7 3.1 1e-08
2 0.7 -0.3 1e-08
2 -2.2 3.1 1e-08
2 2.6 1.6 1e-08
2 0.9 1.6 1e-08
2 0.4 2 1e-08
2 3 -1 1e-08
2 2.7 -0.3 1e-08
2 -2.2 -2.5 1e-08
2 -2.4 -1.4 1e-08
2 -0.9 1.3 1e-08
2 -1.1 -2.3 1e-08
2 1.6 -1 1e-08
2 -3 2.1 1e-08
2 2.4 -0.4 1e-08
2 1.2 -0.7 1e-08
2 1.6 1.4 1e-08
2 -3 -2.2 1e-08
2 -2 0.7 1e-08
2 2.9 0.2 1e-08
2 0.2 0.8 1e-08
2 1.3 -2.1 1e-08
2 2.3 -1 1e-08
2 2.5 0.9 1e-08
2 -0.1 -2 1e-08
2 2.6 2.8 1e-08
2 -2.4 -2.8 1e-08
2 -0.7 3.1 1e-08
2 -2 -2.3 1e-08
2 1.7 0.5 1e-08
2 -1.5 -0.5 1e-08
2 -2.7 -1.4 1e-08
2 2.4 -2.8 1e-08
2 -2 -1 1e-08
2 2 1.3 1e-08
2 -1.2 0.7 1e-08
2 1.1 2.4 1e-08
2 -0.5 1.7 1e-08
2 -2.4 3 1e-08
2 -0.6 3.1 1e-08
2 -2.1 3 1e-08
2 1.8 0.2 1e-08
2 -1.7 -2 1e-08
2 -0.9 0.9 1e-08
2 2.2 -1 1e-08
2 -1.1 1.8 1e-08
2 0.3 -2.8 1e-08
2 -0.5 -3.1 1e-08
2 -2.2 -2.6 1e-08
2 -3 1.7 1e-08
2 -0.9 0.4 1e-08
2 1.5 2.2 1e-08
2 -1.7 -1.9 1e-08
2 3 -1.5 1e-08
2 2.1 0.4 1e-08
2 2.8 -0.9 1e-08
2 2.4 -1.9 1e-08
2 -0.1 -2.2 1e-08
2 0 2.9 1e-08
2 -2.7 -2 1e-08
2 -0.3 -2.2 1e-08
2 -0.7 2.3 1e-08
2 0.5 -2.3 1e-08
2 1 1.2 1e-08
2 -1.1 -2.6 1e-08
2 -2.8 2.7 1e-08
2 2.5 0.8 1e-08
2 -0.4 -0.4 1e-08
2 1 1.1 1e-08
2 2.6 0.6 1e-08
2 -2.3 0.6 1e-08
2 1.6 -2.8 1e-08
2 -1.7 -0.1 1e-08
2 -2.7 1 1e-08
2 -0.7 -0.8 1e-08
2 1.7 -2.2 1e-08
2 -1.1 2.7 1e-08
2 -0.6 0.5 1e-08
2 2 0.6 1e-08
2 3 -1.1 1e-08
2 -0.7 -1.6 1e-08
2 2.2 -1 1e-08
2 -1.4 2.1 1e-08
2 0.9 1.9 1e-08
2 1.9 -2.3 1e-08
2 0 1.4 1e-08
2 -1.9 0.5 1e-08
2 3 -1.1 1e-08
2 -1 0.3 1e-08
2 2.6 -0.1 1e-08
2 -2.1 -2.1 1e-08
2 -2.6 1 1e-08
2 0.2 2.2 1e-08
2 2.5 -0.1 1e-08
2 0.6 2.7 1e-08
2 -2.3 3.1 1e-08
2 2.7 -2.6 1e-08
2 -0.8 1.6 1e-08
2 0.3 -0.4 1e-08
2 0.8 2.7 1e-08
2 -1.8 -2.6 1e-08
2 -2.2 -0.4 1e-08
2 2.5 2.8 1e-08
2 -0.5 1.3 1e-08
2 1.1 0 1e-08
2 -2.1 -1.4 1e-08
2 3 0.4 1e-08
2 1.3 2.5 1e-08
2 0.4 -1.6 1e-08
2 2.7 0 1e-08
2 -1.5 0.9 1e-08
2 2.1 0.4 1e-08
2 1.1 -1.6 1e-08
2 2.5 0.6 1e-08
2 1.5 1 1e-08
2 1.4 -0.7 1e-08
2 2.5 2.3 1e-08
2 -1 1.9 1e-08
2 -1.5 -0.6 1e-08
2 2.9 0.4 1e-08
2 0.8 -2.6 1e-08
2 2.9 -0.8 1e-08
2 -1.6 -0.2 1e-08
2 -2 -2.8 1e-08
2 -2.5 3 1e-08
2 0.4 -2.9 1e-08
2 2.7 0.9 1e-08
2 -0.5 -2.3 1e-08
2 -2.9 2.7 1e-08
2 0.6 -1 1e-08
2 -2.5 2 1e-08
2 2.7 -1.7 1e-08
2 -2.4 -2.2 1e-08
2 -0.8 1.3 1e-08
2 1.4 0.4 1e-08
2 2.4 -1.6 1e-08
2 1.2 0.5 1e-08
2 -1.2 2.4 1e-08
2 -0.5 -2.3 1e-08
2 -1.1 0.2 1e-08
2 0.9 -0.9 1e-08
2 0.2 -3.1 1e-08
2 -2.5 -2.4 1e-08
2 2.8 -1 1e-08
2 -1.5 -1.6 1e-08
2 0.9 1.8 1e-08
2 -2.8 2 1e-08
2 1.5 -2.7 1e-08
2 -0.6 -2.2 1e-08
2 2.7 2.1 1e-08
2 1.3 -0.7 1e-08
2 -0.5 0.1 1e-08
2 -0.1 -1 1e-08
2 2.5 -2.3 1e-08
2 -2.9 -1.1 1e-08
2 1 2 1e-08
2 -0.9 2.1 1e-08
2 2.7 -1.2 1e-08
2 1.6 -2.3 1e-08
2 -1.8 -0.5 1e-08
2 0.4 -1.3 1e-08
2 2.6 2.2 1e-08
2 1.2 -0.1 1e-08
2 -0.7 2.6 1e-08
2 -2.8 1 1e-08
2 -1.2 0.3 1e-08
2 -1.9 -0.3 1e-08
2 1.8 2 1e-08
2 2.1 -0.3 1e-08
2 -1.8 -1.9 1e-08
2 -1.1 1.7 1e-08
2 -2.2 -1.6 1e-08
2 -0.1 -1 1e-08
2 -1.4 -2 1e-08
2 -1.7 0.2 1e-08
2 1.9 -1.9 1e-08
2 -0.1 2.6 1e-08
2 2.4 -1.7 1e-08
2 0.6 0.1 1e-08
2 -1 2.6 1e-08
2 -1.2 1.1 1e-08
2 -2.8 -1.8 1e-08
2 2.4 -0.1 1e-08
2 1.7 1.6 1e-08
2 -0.3 2.9 1e-08
2 2.6 0.8 1e-08
2 -1.4 -0.1 1e-08
2 -2.6 -2.8 1e-08
2 -1.7 -0.6 1e-08
2 -1.5 -0.1 1e-08
2 -0.5 -1.2 1e-08
2 -2.9 -1.5 1e-08
2 -0.5 -1.3 1e-08
2 0.6 -0.9 1e-08
2 -2.4 2.5 1e-08
2 -1 -2.1 1e-08
2 2.7 2.3 1e-08
2 -2.9 -0.8 1e-08
2 2.1 -2.5 1e-08
2 2 2.2 1e-08
2 -0.9 -0.8 1e-08
2 -1.9 -3.1 1e-08
2 0.8 -0.2 1e-08
2 1.8 -2.4 1e-08
2 3 -2.1 1e-08
2 -1.3 -1.3 1e-08
2 -2 1.4 1e-08
2 -2 0.6 1e-08
2 2.5 -2.6 1e-08
2 -2.9 1.9 1e-08
2 0.4 0.9 1e-08
2 0.6 2.3 1e-08
2 2.2 -1.5 1e-08
2 0.3 -2.8 1e-08
2 -0.4 2.7 1e-08
2 -0.5 -1.3 1e-08
2 -1.6 -1.8 1e-08
2 1.7 -2 1e-08
2 -2.5 -3.1 1e-08
2 1.7 2 1e-08
2 1.4 1.9 1e-08
2 -1.8 -2.4 1e-08
2 -2.7 -1.3 1e-08
2 0.3 1.7 1e-08
2 -2.3 1.1 1e-08
2 2.1 -1.3 1e-08
2 3 2.1 1e-08
2 -0.6 -1.4 1e-08
2 1.9 0.3 1e-08
2 -0.4 1.7 1e-08
2 1.4 -2.8 1e-08
2 -2.3 1.9 1e-08
2 1.9 1.6 1e-08
2 1 3 1e-08
2 -1.5 3 1e-08
2 2.5 1.7 1e-08
2 -1 -0.6 1e-08
2 -0.4 1.4 1e-08
2 2.2 2.3 1e-08
2 -2.6 -1.7 1e-08
2 -2.8 1.6 1e-08
2 -2.6 1.8 1e-08
2 -2.1 1.1 1e-08
2 -2.5 -3.1 1e-08
2 1.1 -1.7 1e-08
2 -0.2 -1.7 1e-08
2 1 0.4 1e-08
2 -2.7 -2.1 1e-08
2 0.7 1 1e-08
2 -1 1.7 1e-08
2 3 1.9 1e-08
2 -2.5 -2.9 1e-08
2 1.9 0.3 1e-08
2 -1.8 -2.9 1e-08
2 -0.7 1.2 1e-08
2 -2.7 -0.8 1e-08
2 0.7 1.5 1e-08
2 1.8 -2.7 1e-08
2 1.1 0.3 1e-08
2 -0.7 -1.5 1e-08
2 1.6 -2.8 1e-08
2 2.2 -1.8 1e-08
2 1.6 -1.7 1e-08
2 1.9 0.4 1e-08
2 -1.1 1 1e-08
2 -0.8 0.4 1e-08
2 -3 0.5 1e-08
2 2.9 -1.7 1e-08
2 2 -2.4 1e-08
2 -1.2 -2.3 1e-08
2 1.6 0.7 1e-08
2 -0.9 1.7 1e-08
2 -1.4 0.8 1e-08
2 0.4 -2.7 1e-08
3 -1.6 1.4 92.8946
3 -2.1 1.5 110.233
3 -1.2 1.4 76.1582
3 -1.6 1.8 56.4101
3 -1.8 1.8 50.9425
3 -1.7 1.6 55.9762
3 -0.2 -2.3 116.774
3 0 -2.2 104.403
3 -0.3 -2.3 101.982
3 -0.5 -2.2 57.807
3 -0.1 -2.4 52.8547
3 0.1 -2.4 32.7622
3 -0.3 -2 2.02628
3 -0.5 -2.1 56.1346
3 0.4 -0.6 1e-08
3 -2.9 1.7 1e-08
3 -0.1 2.1 1e-08
3 1.1 1.3 1e-08
3 1.4 -3 1e-08
3 -2.8 -2.8 1e-08
3 -1.9 1.9 1e-08
3 1.2 1.5 1e-08
3 -2 -0.7 1e-08
3 1.7 -1.8 1e-08
3 2.4 -3 1e-08
3 -1.4 -3.1 1e-08
3 2.2 1.9 1e-08
3 -1.1 0.4 1e-08
3 -2.4 -0.5 1e-08
3 -2.6 2.9 1e-08
3 0.5 1.9 1e-08
3 0.2 1.6 1e-08
3 -1 0.9 1e-08
3 -2.8 -0.8 1e-08
3 1.5 -2.3 1e-08
3 -1.3 2.6 1e-08
3 -0.8 2.8 1e-08
3 0.9 -1.1 1e-08
3 0 2.8 1e-08
3 -1.5 2 1e-08
3 -1.4 -0.6 1e-08
3 1.1 3 1e-08
3 1.7 0.3 1e-08
3 1.5 2.2 1e-08
3 -0.8 2.4 1e-08
3 -2.9 2.1 1e-08
3 0.7 2.7 1e-08
3 2.5 -3.1 1e-08
3 2.7 2.1 1e-08
3 1.5 -1.5 1e-08
3 1.5 -2.9 1e-08
3 -3 -2 1e-08
3 -0.4 -0.6 1e-08
3 -0.6 -0.7 1e-08
3 2.5 -2.8 1e-08
3 2 1.9 1e-08
3 2.5 3.1 1e-08
3 -0.6 -1 1e-08
3 -2.1 -1.6 1e-08
3 -1.2 1.7 1e-08
3 -2.5 -1.8 1e-08
3 2 -1.6 1e-08
3 1.1 -0.7 1e-08
3 0 2.6 1e-08
3 -1.2 2.3 1e-08
3 -1.2 -0.9 1e-08
3 -0.6 0.4 1e-08
3 0.6 -1.5 1e-08
3 -2.8 -0.2 1e-08
3 2.7 -0.2 1e-08
3 -2.7 1.7 1e-08
3 2.1 -0.2 1e-08
3 -2.8 3 1e-08
3 -0.9 -1.9 1e-08
3 2.7 -2 1e-08
3 -2.8 2.8 1e-08
3 -0.4 -0.1 1e-08
3 -0.1 1.5 1e-08
3 -1.1 -2.2 1e-08
3 2.1 -1.1 1e-08
3 -2.3 1.4 1e-08
3 -0.1 -1.9 1e-08
3 2.4 0 1e-08
3 2.2 -1.4 1e-08
3 -0.8 -0.9 1e-08
3 -0.5 -0.6 1e-08
3 -2.4 -1.9 1e-08
3 0.2 -1.5 1e-08
3 2.7 -1.6 1e-08
3 2.4 2.8 1e-08
3 -2.2 -1.9 1e-08
3 -1.4 -2.9 1e-08
3 2.7 -1.8 1e-08
3 -0.6 0.7 1e-08
3 1.6 -2.9 1e-08
3 -1.6 0.6 1e-08
3 2.5 2.6 1e-08
3 -0.2 0.3 1e-08
3 -2.9 0.6 1e-08
3 -2.7 -2.5 1e-08
3 0.1 2.2 1e-08
3 -0.4 -0.4 1e-08
3 1.6 -0.4 1e-08
3 -1.9 -2.3 1e-08
3 -0.8 2 1e-08
3 -1.9 0.5 1e-08
3 0.9 0.2 1e-08
3 1.6 1.3 1e-08
3 -2.4 2.9 1e-08
3 -1.5 -1.4 1e-08
3 1.9 0.3 1e-08
3 1.9 -2.3 1e-08
3 -0.2 -1.8 1e-08
3 -2.2 -2.3 1e-08
3 0.4 -1.4 1e-08
3 0.7 1.7 1e-08
3 1 2.9 1e-08
3 1.4 1.9 1e-08
3 1.2 1.9 1e-08
3 -0.1 -1.2 1e-08
3 -2 2.1 1e-08
3 -2.9 -2.5 1e-08
3 -0.3 2.8 1e-08
3 -2.8 -2.4 1e-08
3 0 -3.1 1e-08
3 -1.8 -2.7 1e-08
3 -1.4 -1.7 1e-08
3 1.8 0.5 1e-08
3 2.9 3 1e-08
3 1.4 -2.8 1e-08
3 -1.6 0.3 1e-08
3 -1.7 0.6 1e-08
3 2.4 0.2 1e-08
3 0.1 2.4 1e-08
3 -3 -0.7 1e-08
3 0 -0.2 1e-08
3 -1.9 0.7 1e-08
3 0 -0.6 1e-08
3 1.2 1.1 1e-08
3 -1.2 2.7 1e-08
3 1.6 -3.1 1e-08
3 1.8 0.3 1e-08
3 2.7 -1.4 1e-08
3 0.4 -1.1 1e-08
3 2.6 -0.1 1e-08
3 0.3 1.4 1e-08
3 -0.2 -2.6 1e-08
3 1.1 1.5 1e-08
3 0.8 2.2 1e-08
3 -0.6 -0.5 1e-08
3 1.8 1.5 1e-08
3 -1.8 -1.1 1e-08
3 2.5 2.6 1e-08
3 1.8 -0.6 1e-08
3 1.2 0.7 1e-08
3 1 -0.4 1e-08
3 -3 2.8 1e-08
3 0.3 2.5 1e-08
3 2.8 -2.9 1e-08
3 1.3 2.7 1e-08
3 -0.4 -0.6 1e-08
3 1.3 2.4 1e-08
3 1.1 3.1 1e-08
3 0.9 2.4 1e-08
3 1.6 -0.5 1e-08
3 0.6 1.4 1e-08
3 0.8 -1.3 1e-08
3 -0.6 2.4 1e-08
3 -2.2 -2 1e-08
3 2.4 0.7 1e-08
3 0.6 -2.2 1e-08
3 -2.9 -0.3 1e-08
3 1 -0.9 1e-08
3 1.4 0.6 1e-08
3 2.1 -2.4 1e-08
3 0 -0.3 1e-08
3 -1.9 -1.8 1e-08
3 0.4 0.9 1e-08
3 -0.1 -1.9 1e-08
3 0.6 0.8 1e-08
3 0.7 -2 1e-08
3 0.9 -1.7 1e-08
3 1.1 1.6 1e-08
3 -0.2 0.6 1e-08
3 -0.2 3 1e-08
3 0.7 -3.1 1e-08
3 -1.2 -1.5 1e-08
3 1.7 1.2 1e-08
3 -0.7 -0.5 1e-08
3 2.1 2.5 1e-08
3 -2.2 2 1e-08
3 0.4 3.1 1e-08
3 1.4 -2.1 1e-08
3 2.2 -0.9 1e-08
3 2.7 -0.1 1e-08
3 -2.7 -0.9 1e-08
3 1.2 2 1e-08
3 -2.2 -1.2 1e-08
3 -2.9 1.1 1e-08
3 -0.6 -1.8 1e-08
3 -0.3 2.2 1e-08
3 -2.7 -2.5 1e-08
3 0.6 1.1 1e-08
3 1.5 -2.3 1e-08
3 -1.2 0.1 1e-08
3 -1.3 2.3 1e-08
3 -0.8 0 1e-08
3 -2.8 1 1e-08
3 -0.5 2 1e-08
3 -3 -0.8 1e-08
3 -2.2 2.3 1e-08
3 -0.9 -1.5 1e-08
3 0.8 -1.6 1e-08
3 -1.7 -2.4 1e-08
3 0.7 -2.6 1e-08
3 2 0 1e-08
3 1.8 -2.6 1e-08
3 3 1.2 1e-08
3 0.4 -3 1e-08
3 -0.5 1.9 1e-08
3 1.1 -1.2 1e-08
3 2 -2.2 1e-08
3 -2.5 0.9 1e-08
3 -0.2 -0.8 1e-08
3 0.1 -0.8 1e-08
3 1.9 -0.1 1e-08
3 2.1 1.7 1e-08
3 -0.8 2.7 1e-08
3 -3 0.7 1e-08
3 1.6 -2 1e-08
3 0.6 0.9 1e-08
3 -1.1 -2.1 1e-08
3 -0.7 2.8 1e-08
3 -1.9 2.6 1e-08
3 2.6 -0.5 1e-08
3 0.5 2.1 1e-08
3 3 0.4 1e-08
3 2.2 -1.7 1e-08
3 2.6 -0.4 1e-08
3 0.4 -2.3 1e-08
3 -2.2 1.9 1e-08
3 1.4 -1.5 1e-08
3 -2.4 1.1 1e-08
3 3 -0.7 1e-08
3 0.3 -2.3 1e-08
3 2.3 -0.3 1e-08
3 3 -1 1e-08
3 -2.2 1.8 1e-08
3 -1 -0.3 1e-08
3 -2.7 2 1e-08
3 0.7 1.7 1e-08
3 3 -1.4 1e-08
3 -1.4 0.5 1e-08
3 -2.5 0.3 1e-08
3 0.9 -0.8 1e-08
3 -2 -1.2 1e-08
3 0.2 -1.5 1e-08
3 0.2 -1.4 1e-08
3 0.6 2.2 1e-08
3 2.3 0.7 1e-08
3 2.2 2.2 1e-08
3 -2.6 1 1e-08
3 2.9 -2.8 1e-08
3 -0.6 1.2 1e-08
3 2.1 0 1e-08
3 1.3 1.5 1e-08
3 -0.8 -3.1 1e-08
3 1.1 -1.1 1e-08
3 0 2.9 1e-08
3 2 1.8 1e-08
3 2.6 3 1e-08
3 2.2 2.2 1e-08
3 -2.1 -0.7 1e-08
3 2.6 2.3 1e-08
3 -1.3 2.3 1e-08
3 -1.2 -1.9 1e-08
3 -2.7 -0.2 1e-08
3 3 -1.6 1e-08
3 -2.2 -3.1 1e-08
3 -2.6 0.8 1e-08
3 -2.3 1.8 1e-08
3 2.6 -3 1e-08
3 -0.5 -1.7 1e-08
3 -0.3 -1.6 1e-08
3 2.1 -0.7 1e-08
3 1.2 -0.1 1e-08
3 -2.6 -2.3 1e-08
3 -2.9 -0.3 1e-08
3 1 -0.1 1e-08
3 0.8 -1.2 1e-08
3 -1.3 0.8 1e-08
3 2.8 1.6 1e-08
3 1.7 -0.9 1e-08
3 -1 -1.1 1e-08
3 0.3 1.9 1e-08
3 2.2 1.4 1e-08
3 1.7 2 1e-08
3 0.2 -0.5 1e-08
3 -1.3 1.4 1e-08
3 -2 -0.1 1e-08
3 -2.9 -0.1 1e-08
3 1.4 -1.7 1e-08
3 -0.7 -0.2 1e-08
3 1.9 2.7 1e-08
3 1.6 -0.8 1e-08
3 1.6 -2.4 1e-08
3 0.5 -1.5 1e-08
3 0.9 0 1e-08
3 2.8 1.9 1e-08
3 0.7 0.3 1e-08
3 0.1 1.5 1e-08
3 -2.7 -1.9 1e-08
3 -3 0.7 1e-08
3 2.6 2.4 1e-08
3 -1.9 2.5 1e-08
3 -0.5 1.9 1e-08
3 -0.8 -2.9 1e-08
3 -1 0.7 1e-08
3 2.7 -1.8 1e-08
3 1.5 -2.3 1e-08
3 -1.3 -2 1e-08
3 -2.4 2.6 1e-08
3 0 -2.4 1e-08
3 -2.3 -2 1e-08
3 0.2 -2.4 1e-08
3 0.7 1.6 1e-08
3 -1.5 1.9 1e-08
3 -0.7 -0.5 1e-08
3 -3 -0.5 1e-08
3 -1 2.9 1e-08
3 2.3 2 1e-08
3 -2.7 2.4 1e-08
3 2.1 -1.3 1e-08
3 0.2 3 1e-08
3 1 1.6 1e-08
3 -0.7 -0.3 1e-08
3 -2.4 2.8 1e-08
3 0.4 -0.9 1e-08
3 2.8 -2.5 1e-08
3 -2.5 -1.4 1e-08
3 1.8 2.5 1e-08
3 0.1 0.2 1e-08
3 1.6 1.5 1e-08
3 -0.1 1.9 1e-08
3 -1.7 -2.6 1e-08
3 -1.8 2.2 1e-08
3 1.2 1.4 1e-08
3 1.3 2 1e-08
3 -0.6 0.5 1e-08
3 2.7 2.5 1e-08
3 -2.1 -2.1 1e-08
3 -1.6 -2.7 1e-08
3 1.7 -2.5 1e-08
3 1.7 -2.3 1e-08
3 1.4 2.4 1e-08
3 0.3 0.7 1e-08
3 0.3 -2.7 1e-08
3 0 1.9 1e-08
3 1.9 -0.5 1e-08
3 -1.3 0.4 1e-08
3 0.2 0.3 1e-08
3 -2.5 0.8 1e-08
3 2.8 0.8 1e-08
3 0.6 2.8 1e-08
3 -0.8 0.1 1e-08
3 0.8 1.1 1e-08
3 0.2 0.3 1e-08
3 -1 -2.3 1e-08
3 0.4 2.5 1e-08
4 0 1.9 91.8257
4 -1.8 -0.1 122.057
4 -1.6 -0.3 100.962
4 -1.5 -0.3 113.399
4 -1.7 -0.2 18.0997
4 0.5 0.5 1e-08
4 0.8 -1 1e-08
4 -2.9 1.3 1e-08
4 -3 3.1 1e-08
4 3 2.2 1e-08
4 -2.2 1.9 1e-08
4 -1.3 -3.1 1e-08
4 0.7 1.7 1e-08
4 0.6 0.5 1e-08
4 -0.9 -2.3 1e-08
4 0.8 0.4 1e-08
4 2.9 0 1e-08
4 0 2.2 1e-08
4 0.4 2.6 1e-08
4 -2.5 -1.5 1e-08
4 -2.1 2.9 1e-08
4 -2.7 0.4 1e-08
4 -1 1.5 1e-08
4 -1.2 -1.9 1e-08
4 -1.6 -1 1e-08
4 2.9 -2.9 1e-08
4 0 1.1 1e-08
4 2.3 1.6 1e-08
4 -0.6 -1.7 1e-08
4 -1.2 -1.5 1e-08
4 1.1 2.2 1e-08
4 1.3 1.6 1e-08
4 -1 -1.6 1e-08
4 2.3 1.3 1e-08
4 2.1 1.4 1e-08
4 -2.4 -0.5 1e-08
4 -2.6 0.6 1e-08
4 2.9 3 1e-08
4 -0.8 -1.9 1e-08
4 2 -2.1 1e-08
4 1.7 1.5 1e-08
4 -1.8 2.7 1e-08
4 -3 -0.4 1e-08
4 2.5 -1.5 1e-08
4 1.2 0 1e-08
4 -1.5 -1.4 1e-08
4 -2.9 2.4 1e-08
4 1.8 2.3 1e-08
4 2.5 -2.6 1e-08
4 -2.6 0.1 1e-08
4 2.7 2.3 1e-08
4 2.3 1.9 1e-08
4 -3 2.8 1e-08
4 0.1 3 1e-08
4 2.2 2.8 1e-08
4 -1.6 2.1 1e-08
4 -1.7 2.2 1e-08
4 -1.1 2.5 1e-08
4 1.5 -0.7 1e-08
4 -1.3 2.8 1e-08
4 -1.6 2.4 1e-08
4 -2.6 0.5 1e-08
4 -2.9 1.2 1e-08
4 2 1.2 1e-08
4 0.6 0.9 1e-08
4 -1.9 3.1 1e-08
4 -0.4 1.2 1e-08
4 -1 -1.2 1e-08
4 -2.5 3 1e-08
4 2.2 3 1e-08
4 -2.5 -0.2 1e-08
4 -2.4 -0.4 1e-08
4 -1.3 -0.6 1e-08
4 2.3 -0.1 1e-08
4 -1.9 2.2 1e-08
4 -0.9 1.8 1e-08
4 1.5 1.1 1e-08
4 -0.4 2.2 1e-08
4 2.2 -2.3 1e-08
4 -2.8 -1 1e-08
4 0.1 2.9 1e-08
4 1.8 -2.2 1e-08
4 -1.6 -2.2 1e-08
4 -2.8 -0.9 1e-08
4 -1.6 0.3 1e-08
4 0.4 0.6 1e-08
4 -0.4 0.5 1e-08
4 0.7 -3 1e-08
4 -2.3 0.9 1e-08
4 -0.9 2.3 1e-08
4 0.6 2.6 1e-08
4 -3 -2.2 1e-08
4 0.7 1.7 1e-08
4 -2.9 0.6 1e-08
4 2.5 -2.5 1e-08
4 1 -0.8 1e-08
4 -1.6 -1.9 1e-08
4 1.5 0.7 1e-08
4 -2.4 1.5 1e-08
4 0.8 -0.7 1e-08
4 -1.5 2.6 1e-08
4 1.7 -1.2 1e-08
4 1.5 -0.9 1e-08
4 -0.3 -0.4 1e-08
4 1 -0.2 1e-08
4 -0.1 0.9 1e-08
4 2.8 1.3 1e-08
4 1.6 -0.2 1e-08
4 -2.4 -1.3 1e-08
4 0.6 0.4 1e-08
4 -2.1 0.8 1e-08
4 -0.1 -1.2 1e-08
4 -2.6 -0.6 1e-08
4 -1.2 2.7 1e-08
4 -2.3 0.7 1e-08
4 2.6 3 1e-08
4 -0.2 2.7 1e-08
4 2 -2.3 1e-08
4 0.7 -2 1e-08
4 1.6 -3 1e-08
4 -0.9 -1.8 1e-08
4 0.2 -0.1 1e-08
4 -0.7 -3 1e-08
4 -2.8 3 1e-08
4 -2.6 1.5 1e-08
4 -0.4 0.4 1e-08
4 0.1 0 1e-08
4 0.9 0.4 1e-08
4 -0.2 2 1e-08
4 1.1 3.1 1e-08
4 0.5 2.9 1e-08
4 0.1 -2.9 1e-08
4 -1.2 2 1e-08
4 0.3 0.4 1e-08
4 -2.5 -2.2 1e-08
4 0.2 0.2 1e-08
4 2.7 0 1e-08
4 2.6 -1.1 1e-08
4 -3 -2.3 1e-08
4 -1.4 -0.7 1e-08
4 2.5 -1.8 1e-08
4 -2.5 -0.9 1e-08
4 0.5 -2.4 1e-08
4 1.8 2.2 1e-08
4 -0.3 1.6 1e-08
4 -1.7 -1.9 1e-08
4 -1.3 -0.3 1e-08
4 0 2.9 1e-08
4 -0.8 3.1 1e-08
4 2.1 -3.1 1e-08
4 -1.3 -3.1 1e-08
4 1.9 2.1 1e-08
4 -0.6 -1.3 1e-08
4 2.5 -1.5 1e-08
4 0 -2.2 1e-08
4 2.8 -1.8 1e-08
4 -1 1.4 1e-08
4 -1.3 -1.2 1e-08
4 0.9 3 1e-08
4 2 1.5 1e-08
4 0.7 0.4 1e-08
4 -2.4 1.7 1e-08
4 -1.8 -1.1 1e-08
4 2.4 -1.4 1e-08
4 2 -2.9 1e-08
4 1.6 3 1e-08
4 -0.4 -0.4 1e-08
4 -0.3 -2.5 1e-08
4 -0.9 1.1 1e-08
4 0.9 -2.4 1e-08
4 -0.7 2.7 1e-08
4 0.3 0.6 1e-08
4 1.7 2.2 1e-08
4 -1.1 -0.2 1e-08
4 3 -0.7 1e-08
4 2 -2.7 1e-08
4 2.3 -2.9 1e-08
4 -1.3 0.3 1e-08
4 0.4 0.1 1e-08
4 2.6 2.3 1e-08
4 0.1 0.6 1e-08
4 2.6 -1.7 1e-08
4 -2.8 -2.4 1e-08
4 -3 2.5 1e-08
4 -1.2 -1.8 1e-08
4 2.1 0.5 1e-08
4 -2 -0.6 1e-08
4 0.6 0.3 1e-08
4 2.5 0.9 1e-08
4 0.6 1.4 1e-08
4 1.1 1.4 1e-08
4 -2.4 -1.8 1e-08
4 -1 -2.9 1e-08
4 2.7 0.5 1e-08
4 2.6 -0.7 1e-08
4 2 1.2 1e-08
4 1.6 2.5 1e-08
4 2.5 2.4 1e-08
4 2.7 2.2 1e-08
4 -2.6 -1.1 1e-08
4 2.8 1.7 1e-08
4 2.4 2.7 1e-08
4 2.8 -1.2 1e-08
4 -2.8 -0.3 1e-08
4 2.9 -1.9 1e-08
4 2.6 0.5 1e-08
4 -1 1.3 1e-08
4 -0.9 2.4 1e-08
4 3 -0.5 1e-08
4 1.3 -0.6 1e-08
4 0.6 1.8 1e-08
4 3 1.3 1e-08
4 0.2 -2.5 1e-08
4 -2.1 -1.9 1e-08
4 0.1 -1.4 1e-08
4 -2.5 -1.6 1e-08
4 -1.3 1.2 1e-08
4 0.4 2.8 1e-08
4 1.5 -2.8 1e-08
4 2.3 0.6 1e-08
4 0.6 1.5 1e-08
4 -2.3 -0.8 1e-08
4 -3 0.9 1e-08
4 -1.2 -2 1e-08
4 -0.7 -3 1e-08
4 0.6 2.9 1e-08
4 -3 2.9 1e-08
4 -0.9 0.6 1e-08
4 1.6 -2.1 1e-08
4 -0.2 3 1e-08
4 -1.3 0.8 1e-08
4 0.5 -0.6 1e-08
4 2.6 -2.8 1e-08
4 2 -1.1 1e-08
4 -1.9 0.3 1e-08
4 -0.9 -1.3 1e-08
4 -1.4 0.5 1e-08
4 -0.8 2.3 1e-08
4 0.4 1.7 1e-08
4 -1.4 2.3 1e-08
4 2.7 1.3 1e-08
4 1.5 2.7 1e-08
4 1.6 0.7 1e-08
4 -0.9 0.6 1e-08
4 2.3 -2.6 1e-08
4 -0.3 -2.1 1e-08
4 2.5 0.2 1e-08
4 2.2 2.8 1e-08
4 1.6 3.1 1e-08
4 -1.3 -2.9 1e-08
4 0.8 1.9 1e-08
4 -2.3 -1.3 1e-08
4 -0.6 -1 1e-08
4 -1.9 -1.4 1e-08
4 -0.7 -2.4 1e-08
4 -2.6 2 1e-08
4 -2.2 0.9 1e-08
4 -1 -2.8 1e-08
4 2.6 0 1e-08
4 1.4 0.4 1e-08
4 0.3 -0.4 1e-08
4 -2.7 2.2 1e-08
4 -1 0.1 1e-08
4 -1.5 2.8 1e-08
4 2 -2.5 1e-08
4 -1.7 2.7 1e-08
4 0 2.4 1e-08
4 2.6 -1.2 1e-08
4 -0.6 -0.9 1e-08
4 1.9 1.6 1e-08
4 2.9 0.8 1e-08
4 2.1 -0.5 1e-08
4 0 -1.1 1e-08
4 -1 -2.2 1e-08
4 0 0.5 1e-08
4 -2.2 -0.5 1e-08
4 -2.8 -1.9 1e-08
4 -1.1 -1.8 1e-08
4 -0.1 0.7 1e-08
4 -0.9 1.7 1e-08
4 -0.4 -1.4 1e-08
4 -2.2 -3.1 1e-08
4 1.1 2.7 1e-08
4 -0.1 -2.1 1e-08
4 1.9 3.1 1e-08
4 1.4 -2.9 1e-08
4 0.8 1.5 1e-08
4 0.6 -2.7 1e-08
4 -1.9 -0.5 1e-08
4 2.3 -2.4 1e-08
4 1.5 -2.5 1e-08
4 -1.7 2.5 1e-08
4 0.9 2 1e-08
4 -2.7 3 1e-08
4 -2.7 3 1e-08
4 -0.4 2.6 1e-08
4 -0.7 0.5 1e-08
4 1 2.3 1e-08
4 -0.9 -0.1 1e-08
4 -1.6 0.4 1e-08
4 -2.5 -2.4 1e-08
4 -2.3 0.2 1e-08
4 3 -1.9 1e-08
4 2 -2.6 1e-08
4 1.5 2.6 1e-08
4 2.2 0.9 1e-08
4 -2.8 -2.1 1e-08
4 1.7 -0.2 1e-08
4 -1.4 -0.2 1e-08
4 2.9 0.3 1e-08
4 2.7 1.9 1e-08
4 -0.7 -1.7 1e-08
4 1.8 1.9 1e-08
4 0.9 0.3 1e-08
4 2.3 -1 1e-08
4 -2.1 -2.6 1e-08
4 -1.7 2 1e-08
4 -0.5 2 1e-08
4 -2 2.6 1e-08
4 1.3 2.5 1e-08
4 -0.5 2.6 1e-08
4 -0.9 1.1 1e-08
4 -0.4 0 1e-08
4 -2.3 3 1e-08
4 1.2 -1.9 1e-08
4 2.1 0.6 1e-08
4 0.7 1.9 1e-08
4 1.1 2.4 1e-08
4 2.9 -1.6 1e-08
4 -1.3 -0.5 1e-08
4 2 -2.1 1e-08
4 -1 -0.8 1e-08
4 3 -1.3 1e-08
4 -2.9 -0.8 1e-08
4 -2.1 2.9 1e-08
4 -2.9 0.4 1e-08
4 1.9 0.8 1e-08
4 -3 1.5 1e-08
4 -2.6 1.8 1e-08
4 0.8 1.3 1e-08
4 2.4 -0.6 1e-08
4 1.9 2.4 1e-08
4 2 -2.8 1e-08
4 -0.1 0.4 1e-08
4 0.3 -2.9 1e-08
4 1 -1.1 1e-08
4 1 -0.1 1e-08
4 -1 -0.3 1e-08
4 -1.6 -1.8 1e-08
4 -2.4 -0.4 1e-08
4 -3 0.3 1e-08
4 0.2 -2.8 1e-08
4 2.7 1.4 1e-08
4 -0.2 2.9 1e-08
4 -2.4 -1.9 1e-08
4 -1 -1.4 1e-08
4 -0.9 1.8 1e-08
4 0.2 -0.6 1e-08
4 2.1 2.2 1e-08
5 0.4 -2 141.019
5 0.7 -2.4 110.03
5 0.5 -2.1 108.722
5 0.6 -2.2 44.8087
5 0.3 -1.8 30.6597
5 0.4 -1.7 80.8844
5 0.1 -2 30.8511
5 0.8 -2 70.2681
5 0.7 -2.1 52.9494
5 0.8 -2.1 7.93202
5 -2 -2.4 90.981
5 -2.5 -2.2 98.8227
5 -2.1 -2.4 129.076
5 -2.1 -2.3 19.9249
5 -1.8 -2.3 66.5258
5 -1.8 -2.5 79.101
5 0.7 -2.6 1e-08
5 -3 2.7 1e-08
5 -2.8 -0.6 1e-08
5 0 1.8 1e-08
5 2.7 -1 1e-08
5 1.8 -2.3 1e-08
5 -2.2 -0.2 1e-08
5 -1.4 -2.7 1e-08
5 1.7 0.5 1e-08
5 2.8 -0.7 1e-08
5 -0.5 -2.6 1e-08
5 2 0.3 1e-08
5 -2.9 -2.3 1e-08
5 -2.1 -0.6 1e-08
5 -1.5 -0.8 1e-08
5 -2.1 2 1e-08
5 1.3 -0.9 1e-08
5 0.6 1.8 1e-08
5 2.4 0.5 1e-08
5 2.4 -0.8 1e-08
5 -0.8 0.8 1e-08
5 1 3.1 1e-08
5 0.9 0.6 1e-08
5 1.2 1.8 1e-08
5 1 -0.2 1e-08
5 0.2 0.6 1e-08
5 0.5 0.9 1e-08
5 3 -0.8 1e-08
5 2.5 3 1e-08
5 -0.2 -0.3 1e-08
5 -2.4 2.6 1e-08
5 -0.5 -2.4 1e-08
5 0.6 1.6 1e-08
5 -0.1 -3.1 1e-08
5 2.1 1.8 1e-08
5 -1.6 -0.2 1e-08
5 0.2 0.8 1e-08
5 -1.8 1.8 1e-08
5 0.9 1.3 1e-08
5 -1.1 0.4 1e-08
5 -0.8 -0.7 1e-08
5 1.1 -2.5 1e-08
5 -0.6 2.2 1e-08
5 1.1 0.6 1e-08
5 0.7 0.8 1e-08
5 1.8 1.2 1e-08
5 -1.2 -1.5 1e-08
5 1.1 2.6 1e-08
5 0.2 2.1 1e-08
5 -2.5 2.4 1e-08
5 2 -1.5 1e-08
5 -1.3 2.4 1e-08
5 0.6 0.3 1e-08
5 1.3 -1.7 1e-08
5 1 1.1 1e-08
5 1.1 -0.7 1e-08
5 2.7 -2.4 1e-08
5 1.7 2 1e-08
5 -2.4 2.7 1e-08
5 0 -2.8 1e-08
5 -2.5 1.8 1e-08
5 -2 1.4 1e-08
5 -0.7 -0.4 1e-08
5 -1.9 0.4 1e-08
5 -0.6 1.6 1e-08
5 -1.5 2 1e-08
5 -0.3 0.3 1e-08
5 1.5 -1.9 1e-08
5 2.4 2.3 1e-08
5 -0.9 -0.1 1e-08
5 1.7 1.5 1e-08
5 -2.1 1.1 1e-08
5 2.9 0.3 1e-08
5 1.1 3 1e-08
5 -2.4 1.4 1e-08
5 -2.9 -0.7 1e-08
5 -2.9 -1.9 1e-08
5 2.5 2 1e-08
5 1.2 2.6 1e-08
5 -2.5 -2.6 1e-08
5 0.1 0.6 1e-08
5 0.2 2.4 1e-08
5 -1.5 -1.9 1e-08
5 -2.2 -3 1e-08
5 1.5 -2.1 1e-08
5 3 1.9 1e-08
5 -1.6 1.3 1e-08
5 -0.7 -1.1 1e-08
5 0.1 -0.6 1e-08
5 2.2 2.9 1e-08
5 -2.3 -0.1 1e-08
5 1.2 -2.3 1e-08
5 -2.1 1.6 1e-08
5 1.8 1.4 1e-08
5 -1.4 -2.8 1e-08
5 -0.5 0.7 1e-08
5 0.4 1 1e-08
5 2 -1.8 1e-08
5 2.7 3.1 1e-08
5 2.2 -0.7 1e-08
5 -1.5 -1.6 1e-08
5 2.9 -0.4 1e-08
5 -2 -2.2 1e-08
5 -1.8 2.1 1e-08
5 -0.1 -3 1e-08
5 0.7 2.3 1e-08
5 -1.9 -2.7 1e-08
5 -1.4 -2.1 1e-08
5 2.5 -3.1 1e-08
5 2 0.2 1e-08
5 2.5 1.7 1e-08
5 -1.4 -0.6 1e-08
5 2.7 -0.8 1e-08
5 -1.6 -2.1 1e-08
5 1.2 -2.2 1e-08
5 2.3 1.9 1e-08
5 -0.7 -2.6 1e-08
5 0.8 2.8 1e-08
5 -2.6 -2.4 1e-08
5 -0.2 3.1 1e-08
5 2.3 1 1e-08
5 1.7 -1.4 1e-08
5 -0.9 -2.9 1e-08
5 2.6 0.1 1e-08
5 2.2 2.2 1e-08
5 1.6 -2 1e-08
5 0.7 -1.3 1e-08
5 -0.6 0.8 1e-08
5 -2.5 0 1e-08
5 1.4 3.1 1e-08
5 -0.4 0.7 1e-08
5 -1.8 -1.4 1e-08
5 2.4 0.3 1e-08
5 1.8 -2.7 1e-08
5 2.2 -2 1e-08
5 -0.2 3.1 1e-08
5 -1.4 -0.3 1e-08
5 0.5 -0.3 1e-08
5 -1.9 -1.9 1e-08
5 0 -2 1e-08
5 0.3 0 1e-08
5 -0.6 -3.1 1e-08
5 2.2 2.2 1e-08
5 2.2 -0.3 1e-08
5 2.1 1.5 1e-08
5 2.2 3 1e-08
5 -1.9 -0.6 1e-08
5 -0.4 3.1 1e-08
5 0.2 0.4 1e-08
5 0.6 1.9 1e-08
5 -1.6 1 1e-08
5 -1.4 0.7 1e-08
5 -1.3 -2.8 1e-08
5 1.2 -2.4 1e-08
5 0.3 -0.3 1e-08
5 -0.6 2.5 1e-08
5 0.1 -2.8 1e-08
5 -2 -1.8 1e-08
5 1.5 -0.2 1e-08
5 -2.1 3.1 1e-08
5 -2 -2.2 1e-08
5 2.1 -1.6 1e-08
5 0.4 0.6 1e-08
5 -1.3 -1 1e-08
5 -0.6 3.1 1e-08
5 -1.2 1.4 1e-08
5 0.3 -0.3 1e-08
5 3 1.7 1e-08
5 -1.9 -1.7 1e-08
5 -2.5 -0.1 1e-08
5 3 -0.9 1e-08
5 0.1 -1.7 1e-08
5 2.9 2.8 1e-08
5 2.7 0.4 1e-08
5 2.3 0.1 1e-08
5 0.3 -3.1 1e-08
5 0.6 1.9 1e-08
5 0.2 -2.2 1e-08
5 0.6 1.7 1e-08
5 1.4 -1.2 1e-08
5 -1.6 0.2 1e-08
5 -2.7 -2.2 1e-08
5 -0.7 2.9 1e-08
5 -2.1 1.8 1e-08
5 -1.5 0.8 1e-08
5 -0.9 2.1 1e-08
5 -2.4 0.4 1e-08
5 -2.2 -0.9 1e-08
5 -2.2 1.3 1e-08
5 -2.3 -2.3 1e-08
5 -2.2 0.1 1e-08
5 2.5 0.5 1e-08
5 0.7 -2 1e-08
5 2.2 -0.3 1e-08
5 -1.3 1.1 1e-08
5 -0.9 -0.4 1e-08
5 -0.5 3 1e-08
5 0.1 -0.8 1e-08
5 0.9 0.4 1e-08
5 0.8 0 1e-08
5 -1 -1.3 1e-08
5 -2.9 -2.4 1e-08
5 -0.7 3 1e-08
5 -2.5 2.7 1e-08
5 -1.4 -0.5 1e-08
5 0.4 2.9 1e-08
5 2.8 -1.3 1e-08
5 0.2 0.4 1e-08
5 2.3 3.1 1e-08
5 -0.6 2.5 1e-08
5 0.2 -0.1 1e-08
5 3 -0.4 1e-08
5 -1.6 -2 1e-08
5 -2.8 -3 1e-08
5 2 -3 1e-08
5 0.9 -1.6 1e-08
5 -1 -0.9 1e-08
5 0.5 1.3 1e-08
5 -2.5 3.1 1e-08
5 2.2 -2.9 1e-08
5 -3 1.2 1e-08
5 2.1 0.9 1e-08
5 2 2.9 1e-08
5 3 -2 1e-08
5 -0.5 3 1e-08
5 2.7 -2.7 1e-08
5 1.6 3.1 1e-08
5 -3 -0.7 1e-08
5 1.7 -0.7 1e-08
5 2.6 -1 1e-08
5 -1.8 1.4 1e-08
5 -1.1 2.2 1e-08
5 -0.1 2.4 1e-08
5 -1.6 0.6 1e-08
5 -0.5 -0.1 1e-08
5 -0.8 0.9 1e-08
5 -2.4 2.6 1e-08
5 0.8 -2.4 1e-08
5 1.1 0.3 1e-08
5 0.1 1.8 1e-08
5 -2 1.8 1e-08
5 -2.7 2.4 1e-08
5 -1.5 1.2 1e-08
5 2.2 -0.2 1e-08
5 -2 -2.7 1e-08
5 -1 2.7 1e-08
5 1 -2.1 1e-08
5 1.8 -1 1e-08
5 -2.3 -2.4 1e-08
5 0.6 1 1e-08
5 -1.2 1.9 1e-08
5 -2 1.5 1e-08
5 -2.5 -0.2 1e-08
5 1.7 2.8 1e-08
5 -0.5 -2.3 1e-08
5 1.7 -1.6 1e-08
5 2.7 3.1 1e-08
5 -1 2.3 1e-08
5 -1.9 0.4 1e-08
5 -1.6 0.5 1e-08
5 -0.7 -1.5 1e-08
5 -0.2 2.9 1e-08
5 -2.1 2.1 1e-08
5 0.9 -1.6 1e-08
5 2.3 -2.1 1e-08
5 0.2 0.1 1e-08
5 -0.7 -0.7 1e-08
5 -2.2 -1.6 1e-08
5 0.6 3 1e-08
5 -2.2 0.4 1e-08
5 0.3 -0.1 1e-08
5 0.4 1.4 1e-08
5 0.6 -0.7 1e-08
5 1.5 0.4 1e-08
5 -2.9 -0.3 1e-08
5 2.7 -2 1e-08
5 2.4 2.5 1e-08
5 1.7 2.3 1e-08
5 -0.5 -2.9 1e-08
5 2.6 1.6 1e-08
5 2.7 -1.1 1e-08
5 1.1 2.1 1e-08
5 2.4 2.9 1e-08
5 1.1 1.7 1e-08
5 -0.2 -0.6 1e-08
5 -0.1 -0.4 1e-08
5 -2.9 0.3 1e-08
5 -0.4 1.2 1e-08
5 -1.9 2.7 1e-08
5 0.7 2.1 1e-08
5 2.3 -3 1e-08
5 -0.5 0.8 1e-08
5 -2 -0.7 1e-08
5 2.6 2 1e-08
5 -0.2 0.5 1e-08
5 -1.2 -3.1 1e-08
5 2.2 1.1 1e-08
5 0.9 -0.9 1e-08
5 -1.2 0.3 1e-08
5 -2.2 0.2 1e-08
5 -0.5 -1.8 1e-08
5 0 2.5 1e-08
5 0.9 1.1 1e-08
5 0.5 -3 1e-08
5 -2.6 -2.9 1e-08
5 -0.1 1.5 1e-08
5 -2.2 2 1e-08
5 1.5 1.3 1e-08
5 2.7 2.5 1e-08
5 0.7 0.9 1e-08
5 0 -2.1 1e-08
5 0.8 1.9 1e-08
5 0.4 2.5 1e-08
5 -0.1 -1.1 1e-08
5 -0.1 -2.5 1e-08
5 -1.1 0.1 1e-08
5 2.5 2.8 1e-08
5 2.8 1.4 1e-08
5 -1.3 0.2 1e-08
5 -1 2.1 1e-08
5 2.2 -2.2 1e-08
5 1.1 -1 1e-08
5 1 0.5 1e-08
5 1.1 -2.5 1e-08
5 -1.4 1.5 1e-08
5 -1.9 0.6 1e-08
5 -2.6 -2.7 1e-08
5 -1.2 -2 1e-08
5 -2.6 1.8 1e-08
5 -0.4 -0.8 1e-08
5 2.2 3 1e-08
5 2 -1.7 1e-08
5 -0.9 -1.6 1e-08
5 0.7 -3.1 1e-08
5 1.1 1 1e-08
5 -0.7 0.5 1e-08
5 -1.1 1.5 1e-08
5 -1.8 -3 1e-08
5 2.2 -1.7 1e-08
5 -1.8 -1.9 1e-08
5 1.2 2.5 1e-08
5 -1.6 1.6 1e-08
5 2 2.9 1e-08
5 2.7 -3 1e-08
5 2 1.8 1e-08
5 -1.1 1.2 1e-08
5 -2 -2.3 1e-08
5 -0.6 2.8 1e-08
5 -1.7 0.7 1e-08
5 -0.9 1.5 1e-08
5 -1.2 -1.9 1e-08
5 2.8 0.3 1e-08
5 -2.5 1.8 1e-08
6 -2.4 -1.7 103.576
6 -2.2 -1.9 89.5531
6 -2.3 -1.9 77.1217
6 -2.5 -1.9 21.0988
6 -2.5 -2.1 13.4446
6 0.4 1.7 112.825
6 0.2 1.6 115.887
6 0.5 1.7 93.8178
6 0.1 1.9 67.151
6 0.4 1.5 40.2532
6 0.1 1.7 0.301305
6 0.5 1.3 106.205
6 2.6 -2.1 1e-08
6 1.9 -2.6 1e-08
6 -2.3 -0.5 1e-08
6 -0.3 -0.2 1e-08
6 -2.1 -2.9 1e-08
6 1 0.1 1e-08
6 0.8 0.4 1e-08
6 2.3 -1.8 1e-08
6 -2.8 -2.1 1e-08
6 -0.1 3 1e-08
6 2.8 0.7 1e-08
6 0.1 0.1 1e-08
6 -1.8 -0.9 1e-08
6 -2.7 0.8 1e-08
6 1.6 3.1 1e-08
6 -0.4 1.3 1e-08
6 -1.6 2.5 1e-08
6 1.7 2.3 1e-08
6 -0.9 1.8 1e-08
6 1.6 2.4 1e-08
6 -1.5 -0.7 1e-08
6 -2.2 -3.1 1e-08
6 -1.6 -2.2 1e-08
6 0.6 -2.7 1e-08
6 2.5 3 1e-08
6 1.9 -1.3 1e-08
6 1.3 -1 1e-08
6 2.2 2.3 1e-08
6 3 -1.2 1e-08
6 -0.1 -0.8 1e-08
6 -0.8 -1.2 1e-08
6 -1.8 -2.2 1e-08
6 -3 -0.5 1e-08
6 0.5 -2.7 1e-08
6 -1.1 -2 1e-08
6 0.9 -2 1e-08
6 2.9 2 1e-08
6 1 -0.4 1e-08
6 -3 -2.5 1e-08
6 -2.9 2 1e-08
6 2.4 -1.4 1e-08
6 -1.3 -1.1 1e-08
6 1.3 -0.7 1e-08
6 1.5 -1 1e-08
6 -1.8 -1.2 1e-08
6 -1.3 2.1 1e-08
6 -0.9 -1 1e-08
6 1.5 2.1 1e-08
6 -2.6 2.3 1e-08
6 -1.6 1.8 1e-08
6 -1.1 -0.6 1e-08
6 -2.5 -1.5 1e-08
6 -0.2 -1.9 1e-08
6 -0.2 -2.4 1e-08
6 0 0.4 1e-08
6 0.2 -1.5 1e-08
6 2.9 2.9 1e-08
6 -2.4 -0.6 1e-08
6 0.9 0.1 1e-08
6 0.9 -1.7 1e-08
6 -0.4 -2.8 1e-08
6 1.7 3.1 1e-08
6 -2.7 0.1 1e-08
6 1.5 0.6 1e-08
6 2.6 0.5 1e-08
6 -1.2 -2.2 1e-08
6 -0.8 2.6 1e-08
6 -1.8 1 1e-08
6 -0.4 0.8 1e-08
6 0.4 1.8 1e-08
6 -3 0.9 1e-08
6 1.2 0.8 1e-08
6 -2.1 -2.5 1e-08
6 -2.3 2.6 1e-08
6 -2.3 2 1e-08
6 -2.5 0.6 1e-08
6 -0.6 -1.4 1e-08
6 0.6 -1.8 1e-08
6 -2.7 2.1 1e-08
6 3 2.5 1e-08
6 -1.1 -1.1 1e-08
6 2.9 2.7 1e-08
6 -2.1 -1.1 1e-08
6 -1.7 -2.8 1e-08
6 1.6 -3 1e-08
6 2.9 -0.4 1e-08
6 0.7 -3.1 1e-08
6 -2.7 -1 1e-08
6 0.1 -0.1 1e-08
6 -2.8 -0.5 1e-08
6 1.2 -1.6 1e-08
6 -0.9 -0.1 1e-08
6 -1.8 1 1e-08
6 -2.4 -1.2 1e-08
6 0.3 -2.2 1e-08
6 -1 1.1 1e-08
6 -2.1 1.8 1e-08
6 -3 3.1 1e-08
6 0 -3 1e-08
6 -2.2 -2.9 1e-08
6 -1.4 1 1e-08
6 1.9 -1.4 1e-08
6 1 -2.8 1e-08
6 0.3 0.5 1e-08
6 0.2 2.8 1e-08
6 0.6 0.1 1e-08
6 -0.2 -1.8 1e-08
6 -2.7 1.2 1e-08
6 -2.3 -2.8 1e-08
6 1.5 2 1e-08
6 -0.9 -3.1 1e-08
6 0.1 0.2 1e-08
6 -1.7 -0.6 1e-08
6 -0.7 0.8 1e-08
6 2.6 -0.5 1e-08
6 -0.4 -2.9 1e-08
6 -2.7 1.7 1e-08
6 1.3 1 1e-08
6 0.6 1.4 1e-08
6 0.4 -1.3 1e-08
6 -0.9 -1.2 1e-08
6 1.7 0.3 1e-08
6 -2.4 -1.6 1e-08
6 0 -1.7 1e-08
6 0.5 1.2 1e-08
6 2 -2.3 1e-08
6 0.5 1.1 1e-08
6 2.2 2.5 1e-08
6 -0.5 -0.5 1e-08
6 -1.4 2.3 1e-08
6 2.2 0.3 1e-08
6 2.4 2.2 1e-08
6 -0.6 1.7 1e-08
6 -1.5 3 1e-08
6 -0.2 -1.6 1e-08
6 0.8 0.8 1e-08
6 2.6 3.1 1e-08
6 -1.8 -1.4 1e-08
6 0.1 1.1 1e-08
6 -2.5 -0.1 1e-08
6 0.6 2.7 1e-08
6 -1.1 -1 1e-08
6 0.6 1.8 1e-08
6 1.5 -1.1 1e-08
6 0.1 0.4 1e-08
6 0.8 2.3 1e-08
6 0.4 -2.5 1e-08
6 2.6 -3 1e-08
6 -0.3 -1.8 1e-08
6 -2.6 -2 1e-08
6 2.2 -1.2 1e-08
6 2.8 1.9 1e-08
6 2.2 0.8 1e-08
6 -3 -0.6 1e-08
6 2.8 2.5 1e-08
6 2.7 2.9 1e-08
6 -2.4 -1.1 1e-08
6 -2.8 -2 1e-08
6 2.7 -2.8 1e-08
6 2.3 2.1 1e-08
6 -3 2 1e-08
6 -1 2.3 1e-08
6 0.7 -1.8 1e-08
6 -2 1.3 1e-08
6 0.4 0.8 1e-08
6 -2.6 -1.9 1e-08
6 -0.9 1 1e-08
6 0.7 1 1e-08
6 -1.3 -1.2 1e-08
6 -2 1.8 1e-08
6 1.1 -1.4 1e-08
6 1.6 -1.2 1e-08
6 1.3 1.7 1e-08
6 2 -0.6 1e-08
6 -0.9 -0.4 1e-08
6 2.8 -3.1 1e-08
6 -0.2 -1.8 1e-08
6 -1.2 3.1 1e-08
6 -1.2 0.4 1e-08
6 2.5 1.2 1e-08
6 -1.3 2.9 1e-08
6 2 -1.1 1e-08
6 -0.1 -2.1 1e-08
6 -1.9 2.3 1e-08
6 1.2 2.9 1e-08
6 1 1.5 1e-08
6 0.6 0.2 1e-08
6 -1 1.4 1e-08
6 2.3 -2.4 1e-08
6 1.9 -3 1e-08
6 2 -2 1e-08
6 -0.1 -2.8 1e-08
6 -2.2 -0.6 1e-08
6 -2.3 -3 1e-08
6 0.8 1.7 1e-08
6 -0.7 -0.9 1e-08
6 2.4 0.2 1e-08
6 1.2 0.3 1e-08
6 2.4 -0.2 1e-08
6 -1 2.4 1e-08
6 2.4 2 1e-08
6 1.7 2.2 1e-08
6 -2.3 1.7 1e-08
6 1.1 1.4 1e-08
6 -0.7 2.9 1e-08
6 1.4 2 1e-08
6 -2.7 -0.2 1e-08
6 1.6 -2.2 1e-08
6 -2.8 -1.9 1e-08
6 -1.8 0.4 1e-08
6 -1.6 3.1 1e-08
6 1.2 -0.9 1e-08
6 2.9 0.5 1e-08
6 -2.3 -2.9 1e-08
6 -2.1 -0.1 1e-08
6 -0.7 0.3 1e-08
6 0 -1.3 1e-08
6 -3 2.5 1e-08
6 -0.5 3 1e-08
6 1.4 -2 1e-08
6 2.9 -2.2 1e-08
6 2.8 2.9 1e-08
6 1.5 3.1 1e-08
6 0.7 2.6 1e-08
6 -2.4 0.7 1e-08
6 -2.3 -0.9 1e-08
6 2.4 -2 1e-08
6 -1.3 -2.1 1e-08
6 0.7 -3.1 1e-08
6 1 3 1e-08
6 2 3 1e-08
6 -1.1 -0.9 1e-08
6 -1.4 -0.3 1e-08
6 1.6 1.5 1e-08
6 0.5 -1.8 1e-08
6 -2.1 2.4 1e-08
6 -2.2 -2.2 1e-08
6 -1.8 1.8 1e-08
6 0.4 -2 1e-08
6 -0.4 0.8 1e-08
6 -0.8 -0.7 1e-08
6 0.1 -1.4 1e-08
6 2.6 2.9 1e-08
6 1.2 -0.5 1e-08
6 0.3 -2.4 1e-08
6 -1.5 0.3 1e-08
6 -2.2 2.1 1e-08
6 0 1.1 1e-08
6 0.6 2.4 1e-08
6 0.6 0.1 1e-08
6 1.1 0.4 1e-08
6 1.9 -0.2 1e-08
6 -1.5 -0.9 1e-08
6 1.5 0.2 1e-08
6 0.3 -0.8 1e-08
6 -0.6 0.8 1e-08
6 1.3 0.8 1e-08
6 -0.7 -1.7 1e-08
6 1.6 -2.2 1e-08
6 -0.7 2.4 1e-08
6 0.7 1.6 1e-08
6 -0.8 2.8 1e-08
6 0.6 -1 1e-08
6 -1 2.9 1e-08
6 -2.4 2.7 1e-08
6 2.6 -2.5 1e-08
6 2.1 1.8 1e-08
6 -2 1.3 1e-08
6 -1.1 -0.7 1e-08
6 -1.6 1 1e-08
6 -1.7 -3.1 1e-08
6 -1.2 -0.4 1e-08
6 -3 3.1 1e-08
6 -1 3.1 1e-08
6 0.7 -2.2 1e-08
6 2.9 2.4 1e-08
6 2.1 0.7 1e-08
6 -0.6 -0.3 1e-08
6 2.6 -1.8 1e-08
6 0.2 0.9 1e-08
6 1.6 2.9 1e-08
6 1 0.6 1e-08
6 2 2.3 1e-08
6 -0.6 0.5 1e-08
6 -1.6 1.9 1e-08
6 -0.5 0.3 1e-08
6 0 -1.2 1e-08
6 2.5 -0.6 1e-08
6 -1.4 0.9 1e-08
6 1.3 2.1 1e-08
6 1.8 2.2 1e-08
6 2.7 -0.1 1e-08
6 -2.2 -0.9 1e-08
6 2.7 0.3 1e-08
6 0.2 -2.3 1e-08
6 0.9 2.9 1e-08
6 -1.6 -0.2 1e-08
6 2.9 -0.8 1e-08
6 0.1 -1.5 1e-08
6 -1.3 -0.6 1e-08
6 -0.9 -0.2 1e-08
6 1.1 2.9 1e-08
6 -1.1 -0.5 1e-08
6 0.1 -0.2 1e-08
6 -0.5 -2.7 1e-08
6 1.2 -2 1e-08
6 -1 -1.5 1e-08
6 2.9 1.8 1e-08
6 -0.9 -0.2 1e-08
6 -2.5 0 1e-08
6 -0.7 -1.6 1e-08
6 -1.2 -1.7 1e-08
6 -1 2.9 1e-08
6 1.4 2.5 1e-08
6 2.6 1.3 1e-08
6 -2.1 2 1e-08
6 -1.9 -1.7 1e-08
6 -1.7 1.7 1e-08
6 -0.1 1.5 1e-08
6 3 2 1e-08
6 2.5 -2.7 1e-08
6 1.2 -2.7 1e-08
6 -1.6 1.2 1e-08
6 1.4 -1.7 1e-08
6 2.6 1.1 1e-08
6 -2.8 3 1e-08
6 0.6 -0.5 1e-08
6 -0.7 -0.9 1e-08
6 1.3 2 1e-08
6 -2 -1 1e-08
6 -3 1.4 1e-08
6 2.4 -0.4 1e-08
6 1.4 -0.9 1e-08
6 -1.7 -0.8 1e-08
6 -1.2 -2 1e-08
6 1.3 -2.3 1e-08
6 2.1 -1.4 1e-08
6 1.3 2.2 1e-08
6 -0.4 1 1e-08
6 0.7 -1.8 1e-08
6 -0.3 -2.5 1e-08
6 0.5 -3.1 1e-08
6 2.5 -2.7 1e-08
6 -2.5 0.6 1e-08
6 -1 0.9 1e-08
6 -1.7 -1.8 1e-08
6 -2.5 -0.5 1e-08
6 2.4 1.9 1e-08
6 -0.7 -2.8 1e-08
6 -2.2 -0.1 1e-08
6 1.1 0.3 1e-08
6 0.3 0.8 1e-08
6 1.9 -2.3 1e-08
6 -2.2 -1.3 1e-08
7 1.8 1.3 126.778
7 2.3 1.6 80.8488
7 2.1 1.5 101.776
7 1.9 1.6 80.4784
7 -0.8 -2.7 89.8542
7 -0.8 -2.2 93.114
7 -1.1 -2.3 99.3213
7 -1 -2.7 32.2802
7 -0.8 -2.3 31.4474
7 -0.8 -2.5 34.1614
7 -0.9 -2.4 25.4874
7 -1.1 -2.4 80.3355
7 -1 -2.4 59.18
7 1 2.3 1e-08
7 -0.4 2.4 1e-08
7 -1.4 -2.2 1e-08
7 2.9 1.1 1e-08
7 -0.5 -1.6 1e-08
7 -1.2 -0.7 1e-08
7 -2.1 2.6 1e-08
7 -2.1 -2.1 1e-08
7 1 -0.2 1e-08
7 2.2 -1.8 1e-08
7 -0.4 -1.8 1e-08
7 -0.9 -2.8 1e-08
7 0.9 1.6 1e-08
7 -0.1 -0.4 1e-08
7 -2.4 0.6 1e-08
7 -0.8 -0.9 1e-08
7 1.4 0.2 1e-08
7 -1.8 0.4 1e-08
7 -2.3 1.5 1e-08
7 -2.7 2.2 1e-08
7 1.5 2.9 1e-08
7 2.6 -1 1e-08
7 -1.3 1.8 1e-08
7 -2.3 0.5 1e-08
7 2.4 0.5 1e-08
7 1.2 0.8 1e-08
7 2.4 -0.4 1e-08
7 0.5 -1.8 1e-08
7 1.5 2.5 1e-08
7 -0.8 0.1 1e-08
7 1 1.1 1e-08
7 0.9 -2.1 1e-08
7 0.7 -2.3 1e-08
7 0.8 -1.9 1e-08
7 0.4 1.3 1e-08
7 -0.2 -0.8 1e-08
7 1 3 1e-08
7 0.7 2.5 1e-08
7 -0.5 1.3 1e-08
7 -0.1 1.9 1e-08
7 -1.5 0.5 1e-08
7 0.1 -2.5 1e-08
7 0.2 2 1e-08
7 -2.3 0.2 1e-08
7 -1.1 -1.4 1e-08
7 2.3 1.7 1e-08
7 -2.4 2.8 1e-08
7 -0.7 0.3 1e-08
7 -1.2 3.1 1e-08
7 3 0.5 1e-08
7 1.9 2.3 1e-08
7 1 2.6 1e-08
7 -0.8 1.5 1e-08
7 1.7 -0.5 1e-08
7 0.6 -1.6 1e-08
7 2.4 -0.6 1e-08
7 0.3 -0.6 1e-08
7 -0.3 1.5 1e-08
7 2.6 0.2 1e-08
7 -0.3 -3.1 1e-08
7 1.8 -3.1 1e-08
7 -0.9 -1.5 1e-08
7 -2.8 -0.6 1e-08
7 -2.3 3.1 1e-08
7 0.3 -1.7 1e-08
7 -1.2 -2.8 1e-08
7 -2.4 0 1e-08
7 0 2.5 1e-08
7 0.7 2 1e-08
7 1.1 -0.8 1e-08
7 1.5 -2.6 1e-08
7 -2 -2.9 1e-08
7 -0.1 -1 1e-08
7 -1.1 -3.1 1e-08
7 1.4 1.6 1e-08
7 -0.1 -3 1e-08
7 1.2 -2.1 1e-08
7 2 1.9 1e-08
7 -1.6 2.6 1e-08
7 -2.5 2.8 1e-08
7 2.3 2.6 1e-08
7 1.5 -3 1e-08
7 2.3 0.5 1e-08
7 2.3 1.1 1e-08
7 0.9 -0.2 1e-08
7 -2 2.3 1e-08
7 -1.1 -1.5 1e-08
7 -0.3 -0.3 1e-08
7 -2.3 -3.1 1e-08
7 -1.9 2.6 1e-08
7 2.5 -0.3 1e-08
7 2.4 0.4 1e-08
7 0.9 1.5 1e-08
7 0.4 1.1 1e-08
7 -2.3 -2.9 1e-08
7 -1.6 -1 1e-08
7 -0.4 2.1 1e-08
7 -1.8 -0.7 1e-08
7 2.9 1.8 1e-08
7 -0.3 1 1e-08
7 -1.4 -2.1 1e-08
7 0.5 2.5 1e-08
7 2.1 0.9 1e-08
7 2.7 -0.8 1e-08
7 1.8 -1.5 1e-08
7 1.9 0.6 1e-08
7 0.6 1.6 1e-08
7 -3 -2.5 1e-08
7 -2.7 -0.9 1e-08
7 1.4 -3.1 1e-08
7 2 1.5 1e-08
7 -1.9 -1 1e-08
7 2.6 -2 1e-08
7 1.2 -1.1 1e-08
7 -2 0 1e-08
7 1.9 -2.2 1e-08
7 0.6 -0.8 1e-08
7 -0.2 -3 1e-08
7 -1.2 1.2 1e-08
7 2.4 -0.8 1e-08
7 -0.2 2 1e-08
7 1.5 -2.4 1e-08
7 -1.3 1.5 1e-08
7 1.5 -0.6 1e-08
7 0.1 1.2 1e-08
7 2.5 -1.5 1e-08
7 0.6 -1.8 1e-08
7 0.8 0.5 1e-08
7 -1.6 2.2 1e-08
7 0.9 -0.3 1e-08
7 1.5 -0.1 1e-08
7 1.3 3 1e-08
7 0 1.4 1e-08
7 2.3 0.4 1e-08
7 2 1.6 1e-08
7 0.1 -1.3 1e-08
7 -1.8 -1.6 1e-08
7 -2.5 -0.3 1e-08
7 0.9 2.3 1e-08
7 2 -0.9 1e-08
7 0.3 -2.8 1e-08
7 -0.5 1.4 1e-08
7 -1.7 -2.4 1e-08
7 2.8 1.4 1e-08
7 2.1 2.9 1e-08
7 1.8 -2.4 1e-08
7 2.8 -0.3 1e-08
7 1.6 -0.3 1e-08
7 -1.2 0.5 1e-08
7 2.9 0.4 1e-08
7 0.7 -2.5 1e-08
7 -1.2 1.3 1e-08
7 2 -0.4 1e-08
7 -1.2 0.1 1e-08
7 0.5 0.3 1e-08
7 1.9 3.1 1e-08
7 -1 -1.9 1e-08
7 -1.8 -0.8 1e-08
7 2.4 -1 1e-08
7 -1 0.1 1e-08
7 -2.4 2.4 1e-08
7 1.4 -0.7 1e-08
7 2 0 1e-08
7 2.6 -1.1 1e-08
7 -1.2 -0.1 1e-08
7 2.6 3 1e-08
7 -1.1 1.7 1e-08
7 2.8 -2.1 1e-08
7 -2.2 1.5 1e-08
7 -1.3 2.4 1e-08
7 -0.9 2.4 1e-08
7 1.4 0.8 1e-08
7 0.4 1.1 1e-08
7 -0.3 -1 1e-08
7 -0.6 -0.2 1e-08
7 -1 -1.5 1e-08
7 -2.3 1.3 1e-08
7 2.8 0.7 1e-08
7 2.1 1.8 1e-08
7 1.4 2.5 1e-08
7 -2.4 2.5 1e-08
7 0.4 -2.5 1e-08
7 -0.2 -0.6 1e-08
7 -1.2 -0.2 1e-08
7 2.5 -1.4 1e-08
7 -0.1 2.5 1e-08
7 -0.3 -2.1 1e-08
7 2.5 -0.9 1e-08
7 -1.2 2.6 1e-08
7 -2.2 -2.7 1e-08
7 1 2.5 1e-08
7 -1.2 3 1e-08
7 -2.8 2.2 1e-08
7 0 -2.1 1e-08
7 3 -2.2 1e-08
7 -0.4 2.4 1e-08
7 -1.7 -2.6 1e-08
7 -2.4 -1.3 1e-08
7 2 3.1 1e-08
7 -1 0.8 1e-08
7 -0.5 2.7 1e-08
7 -0.1 0.7 1e-08
7 1.5 3 1e-08
7 0.1 1.4 1e-08
7 -2.5 0.7 1e-08
7 0.4 -2.2 1e-08
7 -0.2 1.7 1e-08
7 2.8 -1.9 1e-08
7 2.2 1.4 1e-08
7 1.1 -0.1 1e-08
7 -0.4 -1.9 1e-08
7 1.3 0.4 1e-08
7 0.6 1.6 1e-08
7 -3 -0.2 1e-08
7 2.9 0 1e-08
7 0.3 -1.1 1e-08
7 -1.9 -2.9 1e-08
7 -1.4 -0.3 1e-08
7 -2.8 -1.1 1e-08
7 1.2 1 1e-08
7 -1.3 0 1e-08
7 1.1 0.9 1e-08
7 2.4 -0.7 1e-08
7 2.1 -2 1e-08
7 -1.4 1 1e-08
7 -0.4 -1.6 1e-08
7 0.6 1 1e-08
7 3 0.8 1e-08
7 0.9 -1.7 1e-08
7 0.9 -2.1 1e-08
7 2.7 -2.8 1e-08
7 2.3 -2.5 1e-08
7 0.4 -0.6 1e-08
7 1.6 -0.8 1e-08
7 -1.4 -3 1e-08
7 1.7 0.3 1e-08
7 -2 -2 1e-08
7 2.9 -1.4 1e-08
7 -0.6 1.6 1e-08
7 -0.4 2 1e-08
7 3 2.2 1e-08
7 2.8 3 1e-08
7 -0.8 2.8 1e-08
7 1.3 1.8 1e-08
7 -2.3 -2.6 1e-08
7 -3 -1 1e-08
7 -0.5 2.2 1e-08
7 0.7 -2.9 1e-08
7 1.5 -1.9 1e-08
7 -2.8 -2.5 1e-08
7 2.4 1.5 1e-08
7 2.1 -0.5 1e-08
7 -0.5 -0.4 1e-08
7 -2.3 -0.3 1e-08
7 0.2 0.7 1e-08
7 3 0.5 1e-08
7 2.8 -1.1 1e-08
7 2.2 1.8 1e-08
7 -0.9 0.9 1e-08
7 -2.2 0 1e-08
7 -0.2 1.8 1e-08
7 2.3 1 1e-08
7 2.8 -2.8 1e-08
7 -0.7 -0.9 1e-08
7 -0.4 0.5 1e-08
7 1.4 2.5 1e-08
7 0.5 -1.1 1e-08
7 -1.5 2.2 1e-08
7 1.8 2.9 1e-08
7 -0.3 -1.2 1e-08
7 -2.2 0.6 1e-08
7 0 1.7 1e-08
7 -2.7 -2.9 1e-08
7 -1 -1.4 1e-08
7 -1.5 -1.2 1e-08
7 -0.4 1.8 1e-08
7 -2 -0.3 1e-08
7 0.1 -0.7 1e-08
7 0.8 2.8 1e-08
7 0.4 -0.3 1e-08
7 -1.2 1.9 1e-08
7 -1.9 0.8 1e-08
7 0 -1.3 1e-08
7 2.8 3 1e-08
7 -1.1 -2.1 1e-08
7 2.4 -1.8 1e-08
7 -1 -0.5 1e-08
7 -2.6 1.5 1e-08
7 -2.2 -0.4 1e-08
7 -0.4 -0.3 1e-08
7 0.9 -1.5 1e-08
7 0.5 0.5 1e-08
7 2.7 0.8 1e-08
7 2 -1.6 1e-08
7 0.2 0.9 1e-08
7 0.7 0.8 1e-08
7 -1.7 2.1 1e-08
7 -1 -1.8 1e-08
7 2.6 -1.6 1e-08
7 -2.6 -2.9 1e-08
7 2.8 -3 1e-08
7 2.1 -1.8 1e-08
7 -0.4 1.8 1e-08
7 -1.6 2.6 1e-08
7 1.6 -2.3 1e-08
7 0.3 0.4 1e-08
7 -1 0.9 1e-08
7 2.6 -0.3 1e-08
7 1.7 -3 1e-08
7 -2.8 -0.5 1e-08
7 0.9 0.3 1e-08
7 0.2 1.8 1e-08
7 -2.7 -0.8 1e-08
7 1.1 -1.6 1e-08
7 -0.8 1.4 1e-08
7 -2 -3 1e-08
7 -2.1 0.8 1e-08
7 1.5 -3 1e-08
7 1.7 3.1 1e-08
7 1.9 -0.4 1e-08
7 0 2.1 1e-08
7 2.7 -0.2 1e-08
7 -0.1 -1.1 1e-08
7 -2.9 -2 1e-08
7 0.4 -2.4 1e-08
7 2.8 -1.7 1e-08
7 -1.8 0.7 1e-08
7 -2.8 0.8 1e-08
7 -2.5 -1.8 1e-08
7 -0.6 0.4 1e-08
7 -2.5 1.4 1e-08
7 1.6 -1.2 1e-08
7 1.5 3.1 1e-08
7 -0.7 0 1e-08
7 0.9 -0.6 1e-08
7 1.3 -2.8 1e-08
7 2.4 -1.8 1e-08
7 0.5 2.2 1e-08
7 -0.7 0.4 1e-08
7 2.8 -0.1 1e-08
7 0.6 -0.8 1e-08
7 -1.4 0.3 1e-08
7 1.2 1.3 1e-08
7 1.9 -3.1 1e-08
7 -2.4 -2.3 1e-08
7 -1.3 -2.6 1e-08
7 2.4 -0.6 1e-08
7 -3 -2.4 1e-08
7 1.4 -3 1e-08
7 0.2 2.7 1e-08
7 0.1 -0.1 1e-08
7 -3 1.2 1e-08
7 -1.5 1.1 1e-08
7 1.5 2.1 1e-08
8 -1.1 -1.3 117.891
8 -1.2 -1.5 84.2803
8 -1.3 -1.3 52.8303
8 -1.1 -1.6 27.8934
8 -1.1 -1.5 51.884
8 -1.4 -1.7 40.1634
8 -1.3 -1.6 38.6122
8 -1.4 -2 64.0228
8 -1.3 -1.5 56.8358
8 -1.2 -1.7 37.277
8 -1 -1.8 58.4773
8 -0.4 -2.2 57.7376
8 -0.1 -2.4 117.137
8 -0.2 -2.1 109.488
8 -0.3 -2.1 10.2199
8 -0.5 -2.5 24.9181
8 -0.6 -2.3 59.1972
8 -0.8 -2.6 59.6587
8 -0.1 -2.3 24.5438
8 -0.6 -2.2 24.8361
8 -0.5 -2.3 8.1841
8 -0.9 -2.3 22.3992
8 -0.3 -2.3 62.6585
8 -1.3 -0.5 1e-08
8 3 -0.5 1e-08
8 -2.2 0 1e-08
8 0 2.4 1e-08
8 -1.8 1.1 1e-08
8 1.2 2.2 1e-08
8 2.8 1.4 1e-08
8 -2.8 -1.3 1e-08
8 -2.7 2.7 1e-08
8 2.9 -1.7 1e-08
8 1.8 -2.7 1e-08
8 -0.7 1.2 1e-08
8 0.8 1.8 1e-08
8 -0.8 -1.9 1e-08
8 -2.9 -1.7 1e-08
8 -1.2 0.9 1e-08
8 -0.1 -0.4 1e-08
8 0.8 -1.8 1e-08
8 -2.2 -1.3 1e-08
8 -2.6 -2.9 1e-08
8 -2.2 0.3 1e-08
8 -1.3 2.4 1e-08
8 1.9 1.4 1e-08
8 3 -1 1e-08
8 1.8 3 1e-08
8 -0.8 2.3 1e-08
8 -1.4 -2.8 1e-08
8 0.5 0.5 1e-08
8 2.6 0.9 1e-08
8 0.1 1.3 1e-08
8 -3 1.8 1e-08
8 2.7 -0.2 1e-08
8 -2.8 0.9 1e-08
8 1 0 1e-08
8 0.8 -0.6 1e-08
8 0.4 2.8 1e-08
8 -0.5 1.2 1e-08
8 -2.8 0.9 1e-08
8 -1.2 1.6 1e-08
8 -2.7 -2.6 1e-08
8 1.8 0.8 1e-08
8 2.8 1.1 1e-08
8 2.1 0.8 1e-08
8 -1.7 0.7 1e-08
8 -2.8 2.7 1e-08
8 -2.1 0.5 1e-08
8 -2.9 1.7 1e-08
8 -0.8 1.2 1e-08
8 -2.2 -1.1 1e-08
8 -1.4 -2.8 1e-08
8 -0.1 1.7 1e-08
8 2.7 1 1e-08
8 -1.4 -1.6 1e-08
8 1.4 1 1e-08
8 2.4 -1 1e-08
8 2.2 -1.4 1e-08
8 -2.1 1.1 1e-08
8 -0.5 2.4 1e-08
8 -0.4 -3 1e-08
8 -2.2 -2.8 1e-08
8 -0.9 1.7 1e-08
8 -1.9 -0.4 1e-08
8 -2.3 2.8 1e-08
8 1.4 0 1e-08
8 2.4 -1.7 1e-08
8 1.9 2.7 1e-08
8 -1 -0.7 1e-08
8 -0.4 1.8 1e-08
8 2.2 -2.2 1e-08
8 -0.4 0.5 1e-08
8 2 -2.3 1e-08
8 -1.6 -0.1 1e-08
8 2.2 -0.8 1e-08
8 -1 -1.9 1e-08
8 1.1 2.2 1e-08
8 -2 -2.1 1e-08
8 -2.9 -2.8 1e-08
8 -2.1 0.2 1e-08
8 0.2 1.5 1e-08
8 -2.4 3.1 1e-08
8 0.2 -0.1 1e-08
8 -1.9 -2.5 1e-08
8 2.5 -2.4 1e-08
8 2.6 0.5 1e-08
8 2.6 2.3 1e-08
8 -2.2 2.4 1e-08
8 -0.8 2.5 1e-08
8 2.9 1.7 1e-08
8 -1.7 2.9 1e-08
8 2.4 2.9 1e-08
8 3 0 1e-08
8 -2.3 -2 1e-08
8 2.4 -1.1 1e-08
8 2.8 1.2 1e-08
8 -1.1 1.1 1e-08
8 -2.5 0.8 1e-08
8 -1.2 0.9 1e-08
8 2.6 1.5 1e-08
8 0.1 0.6 1e-08
8 1.9 -2.1 1e-08
8 -0.6 0.7 1e-08
8 1.9 2.4 1e-08
8 2.2 2.8 1e-08
8 -1.7 3.1 1e-08
8 0.9 -2.1 1e-08
8 2.1 2.7 1e-08
8 -1.4 -1.8 1e-08
8 -0.9 0.4 1e-08
8 -1.4 -2 1e-08
8 1.4 -1.1 1e-08
8 -1.7 -0.1 1e-08
8 1.5 0.9 1e-08
8 0.6 -0.7 1e-08
8 -1.2 -0.6 1e-08
8 0.5 -0.1 1e-08
8 2.9 -0.1 1e-08
8 2.1 -2.7 1e-08
8 -0.5 1.2 1e-08
8 -0.6 1.4 1e-08
8 0.5 -1.3 1e-08
8 3 2.2 1e-08
8 2.2 0 1e-08
8 1.9 1.8 1e-08
8 3 2.7 1e-08
8 -0.7 1.8 1e-08
8 0.4 0 1e-08
8 -1.9 -3 1e-08
8 3 -0.2 1e-08
8 -1.2 2.9 1e-08
8 -2.1 -1.6 1e-08
8 0.4 0.9 1e-08
8 -2.9 3 1e-08
8 2.6 2.6 1e-08
8 2.5 1 1e-08
8 -1.1 0.2 1e-08
8 0 1.4 1e-08
8 -2.5 -2.1 1e-08
8 0.1 -0.7 1e-08
8 -1.1 2.8 1e-08
8 2.7 0.2 1e-08
8 -2 -0.8 1e-08
8 -2.9 -2.6 1e-08
8 0.5 2.9 1e-08
8 -1.7 0.1 1e-08
8 2 0.9 1e-08
8 1.1 0.5 1e-08
8 -1.9 0.1 1e-08
8 0.5 -2.7 1e-08
8 -1.3 -2.5 1e-08
8 -2.8 0.3 1e-08
8 -2.1 -1.5 1e-08
8 -0.9 -2.9 1e-08
8 1 1 1e-08
8 -3 -2.3 1e-08
8 -0.6 -1 1e-08
8 0.8 -0.6 1e-08
8 -0.4 2.8 1e-08
8 -1.1 -1.1 1e-08
8 -1.3 -2.8 1e-08
8 -1.9 2 1e-08
8 -1.8 1 1e-08
8 -1.1 -1.1 1e-08
8 0.7 1.4 1e-08
8 -1.6 -2.6 1e-08
8 2.7 -1.3 1e-08
8 -2.6 -1.2 1e-08
8 1.6 -3.1 1e-08
8 -2.5 2.9 1e-08
8 1.4 -3 1e-08
8 2.9 -1 1e-08
8 0.9 0.6 1e-08
8 2.2 2.6 1e-08
8 2.7 0.5 1e-08
8 -0.3 1.8 1e-08
8 -0.6 -2.7 1e-08
8 1.7 0.9 1e-08
8 3 -2.5 1e-08
8 0.3 -0.1 1e-08
8 -0.4 0.3 1e-08
8 -2.9 -2.6 1e-08
8 -1.3 -0.2 1e-08
8 -1.8 2.9 1e-08
8 1.6 0.9 1e-08
8 -0.2 2.9 1e-08
8 3 -2.6 1e-08
8 0.4 0.2 1e-08
8 0.5 -1.6 1e-08
8 -0.6 2.2 1e-08
8 -2.7 -0.3 1e-08
8 1.2 -1.1 1e-08
8 0.9 1.7 1e-08
8 -1.4 0.1 1e-08
8 -1.2 1.8 1e-08
8 -2.5 -2.6 1e-08
8 2.7 -0.1 1e-08
8 1.1 -2.1 1e-08
8 0.1 -1.7 1e-08
8 -0.3 0.9 1e-08
8 0.4 -1.4 1e-08
8 -0.6 -2.1 1e-08
8 -1 -0.6 1e-08
8 -1.7 2.1 1e-08
8 -1.6 -0.2 1e-08
8 2.4 2.7 1e-08
8 0.2 0.2 1e-08
8 2.8 2.3 1e-08
8 0.3 1.8 1e-08
8 0.7 -0.5 1e-08
8 0.4 -1.6 1e-08
8 -1.1 -2.3 1e-08
8 -1.4 -2.3 1e-08
8 -0.3 1.7 1e-08
8 -0.3 -1.2 1e-08
8 0.5 -1.8 1e-08
8 -0.5 0.3 1e-08
8 2.1 0.8 1e-08
8 1.6 2.9 1e-08
8 0.4 1.7 1e-08
8 -2.2 0.2 1e-08
8 0.5 1.2 1e-08
8 0 -2.7 1e-08
8 -0.4 -2.9 1e-08
8 3 -0.9 1e-08
8 -3 -2.3 1e-08
8 1.3 -0.4 1e-08
8 -2.2 2.1 1e-08
8 2.1 -0.8 1e-08
8 -1 -0.8 1e-08
8 1.2 -2.4 1e-08
8 0.1 1 1e-08
8 1.8 0.9 1e-08
8 -0.6 -1.5 1e-08
8 2.7 2.6 1e-08
8 0.2 -3 1e-08
8 -1.8 1.4 1e-08
8 -0.2 1.1 1e-08
8 2.4 0.7 1e-08
8 -1.6 0.6 1e-08
8 -0.2 -1.8 1e-08
8 -1 -2.1 1e-08
8 1.9 0.3 1e-08
8 -1.4 -3 1e-08
8 1.9 -1.7 1e-08
8 -2.4 -0.9 1e-08
8 -0.7 -0.8 1e-08
8 1.3 0.6 1e-08
8 0.1 -1.9 1e-08
8 1.2 1.8 1e-08
8 -0.9 1.9 1e-08
8 2 -3 1e-08
8 2.7 3 1e-08
8 -1.9 -2.6 1e-08
8 -2.2 2 1e-08
8 -1.4 2.1 1e-08
8 1.1 2.4 1e-08
8 -2.9 2.7 1e-08
8 0.8 -1 1e-08
8 0.6 -1.7 1e-08
8 -2.2 -1.5 1e-08
8 0 0.9 1e-08
8 -2.2 -3 1e-08
8 -1.7 -2.8 1e-08
8 1.1 1 1e-08
8 1.9 -1.6 1e-08
8 -0.2 0.2 1e-08
8 1 2 1e-08
8 2.3 -3 1e-08
8 -3 2.3 1e-08
8 -0.4 1.8 1e-08
8 0.1 3.1 1e-08
8 2.6 0.9 1e-08
8 2.4 -0.7 1e-08
8 -3 -2.8 1e-08
8 -1.9 -0.8 1e-08
8 1.3 0.5 1e-08
8 1 0.9 1e-08
8 3 -1.6 1e-08
8 0.6 -2.7 1e-08
8 -0.8 -1.2 1e-08
8 2.7 -1.3 1e-08
8 -1.6 3.1 1e-08
8 0.4 2.6 1e-08
8 -1.9 0.9 1e-08
8 0 3.1 1e-08
8 1.6 -0.4 1e-08
8 -2.1 2.7 1e-08
8 0.9 1.3 1e-08
8 -2.6 -1.2 1e-08
8 -2.3 1 1e-08
8 -2.1 -2.5 1e-08
8 -2.4 -1.1 1e-08
8 -2 -1.1 1e-08
8 -0.1 0 1e-08
8 -0.5 1.5 1e-08
8 2.7 -0.9 1e-08
8 2.5 -0.9 1e-08
8 2.4 0.4 1e-08
8 1.5 -3 1e-08
8 -0.2 2.5 1e-08
8 -1.5 -0.2 1e-08
8 1.1 1.2 1e-08
8 -2.7 0.3 1e-08
8 0 -0.8 1e-08
8 3 1.3 1e-08
8 -2.7 -2.2 1e-08
8 -2.2 0.6 1e-08
8 2.2 -0.6 1e-08
8 1.2 1.3 1e-08
8 1.8 -0.6 1e-08
8 -2.4 1.6 1e-08
8 -1.4 -0.9 1e-08
8 -0.1 -0.1 1e-08
8 -1.1 -0.3 1e-08
8 0.2 -2.4 1e-08
8 -2.2 1 1e-08
8 -1.1 -2.9 1e-08
8 -2.3 1 1e-08
8 2.4 -2.3 1e-08
8 2.7 3 1e-08
8 1 2.9 1e-08
8 1 1.2 1e-08
8 0.4 -2.1 1e-08
8 1.6 -2 1e-08
8 -2.5 -0.8 1e-08
8 -0.2 3 1e-08
8 0.5 1.9 1e-08
8 -2.5 1.8 1e-08
8 -0.3 1.6 1e-08
8 -0.5 1.6 1e-08
8 1 -2.7 1e-08
8 -1.5 3.1 1e-08
8 1.6 -1.6 1e-08
8 -2.5 -2.8 1e-08
8 -0.4 2.4 1e-08
8 2.7 0 1e-08
8 -1.1 0.4 1e-08
8 2.6 0.1 1e-08
8 -1.4 1.4 1e-08
8 2.9 -3 1e-08
8 -1 -2.5 1e-08
8 0.3 -0.4 1e-08
8 1.6 0 1e-08
8 -0.4 -1.9 1e-08
8 1.4 -1 1e-08
8 2.5 -2 1e-08
8 -2.4 0.1 1e-08
8 1 -2.2 1e-08
8 2.7 -2.1 1e-08
9 -2.5 -1.1 70.1358
9 -2.8 -1.3 98.5094
9 -2.7 -1.2 60.1526
9 -2.5 -1.5 56.1023
9 -2.3 -1.2 14.1976
9 -2.7 -1 18.5086
9 1.5 1.9 97.4932
9 1.3 2.3 97.6792
9 1.2 2 93.034
9 1.4 1.8 37.6861
9 1 1.8 64.0429
9 2 2 10.1114
9 1.4 2 58.5067
9 1.4 1.9 53.532
9 1.6 1.8 15.8245
9 1.2 1.7 62.2073
9 1.7 1.5 39.2754
9 1.4 1.7 14.4067
9 1.4 1.5 48.2675
9 0.3 -1.6 1e-08
9 -1.6 1.8 1e-08
9 2.6 2.9 1e-08
9 -1.7 0.1 1e-08
9 1.6 -0.5 1e-08
9 -0.3 0.5 1e-08
9 -3 -0.1 1e-08
9 -0.9 0.2 1e-08
9 1.7 -0.9 1e-08
9 1.5 -1.6 1e-08
9 1.4 2.3 1e-08
9 1.6 2.2 1e-08
9 2.5 -1.6 1e-08
9 -2.7 0.3 1e-08
9 2.3 -1.3 1e-08
9 -2.3 -0.2 1e-08
9 -0.7 1.1 1e-08
9 0.3 -2.5 1e-08
9 -0.6 -1.8 1e-08
9 1 -2.8 1e-08
9 2.5 2.1 1e-08
9 -0.1 -2.9 1e-08
9 -1 -2.5 1e-08
9 -3 -2.8 1e-08
9 -1.5 -1.9 1e-08
9 1.1 -0.8 1e-08
9 -2.9 -3 1e-08
9 0.1 0.3 1e-08
9 -1.7 -1.6 1e-08
9 -2.3 1 1e-08
9 1.4 -2.4 1e-08
9 2.9 -2.6 1e-08
9 2.2 -1.2 1e-08
9 0.7 1.8 1e-08
9 -0.1 2.8 1e-08
9 1.8 -2.2 1e-08
9 -1.8 1.8 1e-08
9 -2.9 0 1e-08
9 0.4 0.3 1e-08
9 0 -2.8 1e-08
9 1.4 -1.8 1e-08
9 2.6 1.6 1e-08
9 -1.1 2.1 1e-08
9 1.2 -0.4 1e-08
9 1.2 -1.6 1e-08
9 -1.9 1.4 1e-08
9 -0.9 1.3 1e-08
9 2.7 -0.7 1e-08
9 0.6 -0.7 1e-08
9 -0.4 0.6 1e-08
9 3 -2.5 1e-08
9 2.8 2.1 1e-08
9 2.8 2.6 1e-08
9 0 -2.4 1e-08
9 -2.1 2.8 1e-08
9 -1.3 2.9 1e-08
9 -0.5 2.9 1e-08
9 0.3 1.7 1e-08
9 2.9 0.6 1e-08
9 -0.4 -2.6 1e-08
9 2.1 -1.1 1e-08
9 -0.8 2.9 1e-08
9 2.2 -0.1 1e-08
9 -0.6 1.6 1e-08
9 -2.6 -1.1 1e-08
9 -0.3 -0.8 1e-08
9 -2.8 -0.4 1e-08
9 -2.6 2.2 1e-08
9 2.9 0.8 1e-08
9 2.3 1.9 1e-08
9 1.6 0.1 1e-08
9 -2.6 2.1 1e-08
9 0.3 -1.4 1e-08
9 -0.9 1.6 1e-08
9 -2.7 2.5 1e-08
9 1.7 0.5 1e-08
9 -1.2 -1.9 1e-08
9 -2.1 2.2 1e-08
9 -2.6 1.1 1e-08
9 -1.9 1 1e-08
9 1.5 -0.7 1e-08
9 1.1 1.8 1e-08
9 -0.8 -0.1 1e-08
9 2 -0.8 1e-08
9 0.5 3 1e-08
9 -2 0.8 1e-08
9 2.4 -0.6 1e-08
9 2.6 2.9 1e-08
9 -0.8 2.8 1e-08
9 1.1 1.8 1e-08
9 2.7 -2.4 1e-08
9 -2.7 -2 1e-08
9 -1.3 2.5 1e-08
9 2.2 2.2 1e-08
9 -2.2 -2.9 1e-08
9 1.1 3.1 1e-08
9 2.1 -0.6 1e-08
9 -0.8 -2.8 1e-08
9 -1.9 0.4 1e-08
9 -1.9 1 1e-08
9 -1.2 -2.2 1e-08
9 -2.4 -2.5 1e-08
9 2.9 0.4 1e-08
9 -2.4 2.3 1e-08
9 1.5 1.2 1e-08
9 1.6 1 1e-08
9 -2.2 -2.6 1e-08
9 -2.9 2.1 1e-08
9 -0.6 -1.6 1e-08
9 -2.7 -0.2 1e-08
9 0.2 2.4 1e-08
9 -2.1 -0.3 1e-08
9 0.1 0.6 1e-08
9 -2.7 -2.6 1e-08
9 -0.1 1.9 1e-08
9 -3 0.3 1e-08
9 -0.1 -1.5 1e-08
9 1.6 -0.3 1e-08
9 -0.5 0.1 1e-08
9 0.6 -1.2 1e-08
9 0.6 2.1 1e-08
9 0.4 -0.9 1e-08
9 2.6 -2.1 1e-08
9 -1.8 -1.2 1e-08
9 0.8 3.1 1e-08
9 -1.4 -1.4 1e-08
9 0.3 1.2 1e-08
9 -0.7 -1.3 1e-08
9 0.3 -0.8 1e-08
9 -1.8 -2.5 1e-08
9 -2.9 -0.5 1e-08
9 0.8 1.5 1e-08
9 2.2 2.3 1e-08
9 1.6 1.2 1e-08
9 -2.4 -0.3 1e-08
9 2.3 2.9 1e-08
9 -2.6 -0.9 1e-08
9 -1.9 0.8 1e-08
9 1.2 0.9 1e-08
9 1.6 -1.1 1e-08
9 0.5 3.1 1e-08
9 2.1 -1.3 1e-08
9 1.2 -1.4 1e-08
9 0 0.7 1e-08
9 -1.5 -1.3 1e-08
9 1.6 2.3 1e-08
9 -0.5 2.7 1e-08
9 1.1 0.5 1e-08
9 -2.7 -2.8 1e-08
9 0.8 -2.5 1e-08
9 2 -1.4 1e-08
9 3 -2.4 1e-08
9 -0.1 2 1e-08
9 -0.4 -0.6 1e-08
9 -0.1 1.1 1e-08
9 -1.7 1.3 1e-08
9 0.2 -2.9 1e-08
9 -2.7 2.2 1e-08
9 -0.6 1.7 1e-08
9 -0.3 -2 1e-08
9 -1.9 -2.7 1e-08
9 0.5 0.2 1e-08
9 0.8 0.3 1e-08
9 0.9 -3.1 1e-08
9 -1.3 -3.1 1e-08
9 -0.9 -2.4 1e-08
9 -1.9 -0.5 1e-08
9 1.3 -1.3 1e-08
9 2.4 1.1 1e-08
9 1.4 -1.4 1e-08
9 -1.9 1.5 1e-08
9 -0.3 2.9 1e-08
9 1.6 -1.8 1e-08
9 1.6 -2.6 1e-08
9 -0.5 -2 1e-08
9 -2.6 0 1e-08
9 1.3 1.3 1e-08
9 1.8 1.6 1e-08
9 2.3 -0.8 1e-08
9 1 0.5 1e-08
9 1.8 -1.2 1e-08
9 1.5 -2.5 1e-08
9 -2.3 0.6 1e-08
9 1.2 -0.8 1e-08
9 2.9 1.2 1e-08
9 -0.4 -1.1 1e-08
9 0.4 -2.7 1e-08
9 0.1 -2.5 1e-08
9 -1.2 -1.8 1e-08
9 -1.6 1.1 1e-08
9 2.1 0 1e-08
9 -1.2 0.2 1e-08
9 -2.3 0.3 1e-08
9 0.2 0.5 1e-08
9 -2.9 2 1e-08
9 -2.8 -0.9 1e-08
9 -2.8 -0.1 1e-08
9 0.5 2.1 1e-08
9 2 2.7 1e-08
9 -0.8 1.1 1e-08
9 -1.7 0.9 1e-08
9 -0.2 0.9 1e-08
9 1.2 1 1e-08
9 -1.3 -0.4 1e-08
9 1.6 -1.5 1e-08
9 -0.7 0.4 1e-08
9 -2.5 -2.9 1e-08
9 -0.9 0.7 1e-08
9 1.2 0.5 1e-08
9 0.8 1.4 1e-08
9 2 -2 1e-08
9 0.7 2 1e-08
9 -0.8 2.2 1e-08
9 -1.8 1.2 1e-08
9 0.4 -2 1e-08
9 1.9 2.8 1e-08
9 -0.7 -2.2 1e-08
9 -0.9 1.3 1e-08
9 -0.6 1 1e-08
9 1 -0.4 1e-08
9 0.4 1.2 1e-08
9 -2.9 1 1e-08
9 1.3 0 1e-08
9 -0.4 2.3 1e-08
9 -1 0.3 1e-08
9 -2.4 -0.1 1e-08
9 -3 0.4 1e-08
9 1.3 -0.1 1e-08
9 1.4 1.4 1e-08
9 -1.4 2.9 1e-08
9 -2.3 -1.3 1e-08
9 -2.1 -3 1e-08
9 -1.1 -0.3 1e-08
9 2.3 0 1e-08
9 0.8 -0.3 1e-08
9 1.7 0.2 1e-08
9 -0.1 -0.1 1e-08
9 -0.4 1 1e-08
9 -0.5 -1.5 1e-08
9 2 -1.5 1e-08
9 2.8 -1.5 1e-08
9 -0.4 -0.3 1e-08
9 -0.2 2.3 1e-08
9 -0.8 -2.3 1e-08
9 -0.2 -1.8 1e-08
9 3 3.1 1e-08
9 1.6 2.4 1e-08
9 2.3 -3 1e-08
9 -2.3 -0.4 1e-08
9 -1.9 2.3 1e-08
9 -2.9 -2.1 1e-08
9 2.1 -1.4 1e-08
9 2 1.5 1e-08
9 0 1.8 1e-08
9 1.6 -0.8 1e-08
9 -0.7 1.1 1e-08
9 2 2.6 1e-08
9 -2.2 0.6 1e-08
9 0 -1.2 1e-08
9 -0.7 -0.4 1e-08
9 -2.7 2.4 1e-08
9 -1.7 0.5 1e-08
9 -3 2.2 1e-08
9 1.7 -1 1e-08
9 -1.1 2.9 1e-08
9 0.5 -0.7 1e-08
9 2.1 -0.5 1e-08
9 2.5 0.6 1e-08
9 -2.3 -0.1 1e-08
9 -2.3 -0.9 1e-08
9 -2.5 -2.5 1e-08
9 -3 0.3 1e-08
9 -0.8 0.9 1e-08
9 1.4 -3.1 1e-08
9 -0.1 1 1e-08
9 3 1.1 1e-08
9 -1.3 -1 1e-08
9 -0.5 -0.8 1e-08
9 -2.8 1.2 1e-08
9 0 0.1 1e-08
9 -1.4 -0.7 1e-08
9 0.6 -1 1e-08
9 0.4 2.8 1e-08
9 2.6 -2.8 1e-08
9 -3 2.6 1e-08
9 0.6 -2.9 1e-08
9 -1.6 -1.7 1e-08
9 0.8 -0.6 1e-08
9 2.3 -2.9 1e-08
9 -0.3 1.3 1e-08
9 2.2 -2.2 1e-08
9 -1.2 -0.9 1e-08
9 -2.5 -0.3 1e-08
9 -0.3 -3 1e-08
9 2.6 -2.1 1e-08
9 1.8 -2.7 1e-08
9 -1.9 -0.3 1e-08
9 2.9 -0.5 1e-08
9 1.2 -2.3 1e-08
9 2.4 -0.2 1e-08
9 -0.8 1.3 1e-08
9 0.9 2.3 1e-08
9 1 0.5 1e-08
9 2.8 1.6 1e-08
9 -1.5 0.3 1e-08
9 1 -1.1 1e-08
9 -0.4 0.5 1e-08
9 0.1 -2.9 1e-08
9 1.9 -1 1e-08
9 0.9 1.3 1e-08
9 -2.7 1.4 1e-08
9 1 -1.5 1e-08
9 1.6 -1.2 1e-08
9 -1.5 0.4 1e-08
9 -2.4 2.1 1e-08
9 -1.6 -2.9 1e-08
9 -0.5 0.3 1e-08
9 1.5 1.2 1e-08
9 -2.2 -0.8 1e-08
9 -1.8 -1.8 1e-08
9 0.9 -2 1e-08
9 -0.8 3.1 1e-08
9 -2 1.1 1e-08
9 0.7 2.7 1e-08
9 -0.1 1.4 1e-08
9 2.3 2.9 1e-08
9 -0.6 -2.7 1e-08
9 -2.8 1.4 1e-08
9 0.7 -1.1 1e-08
9 -2.6 -2.9 1e-08
9 -0.4 2.8 1e-08
9 0.4 0.1 1e-08
9 2.2 -1.6 1e-08
9 1 1.1 1e-08
9 -0.5 0.6 1e-08
9 -2.4 3 1e-08
9 -2.6 -2.9 1e-08
9 1.4 -1.1 1e-08
9 1.1 2.6 1e-08
9 0.7 -3 1e-08
9 -1.3 2.6 1e-08
9 1.7 2 1e-08
9 0.9 3 1e-08
9 -2.3 2.5 1e-08
9 0.6 -2.9 1e-08
9 -0.5 0.4 1e-08
9 1.5 -1.1 1e-08
9 -1.4 2.1 1e-08
9 -1.2 -1 1e-08
9 0 0.8 1e-08
9 1.8 0.8 1e-08
9 -0.9 -0.1 1e-08
