event eta phi energy
0 -1.7 -1.2 116.485
0 -1.8 -1.3 98.5059
0 -1.8 -1.5 67.8239
0 -1.4 -1.3 51.5944
0 -1.9 -1.1 30.916
0 -1.8 -1.4 36.3513
0 -1.8 -1 64.3351
0 -1.8 -0.7 34.1247
0 -1.8 -0.9 74.8865
0 -1.9 -1.4 66.7675
0 -2 -1.2 44.8783
0 -1.9 -1.3 35.2424
0 -1.6 -1.2 4.73152
0 -1.9 -1 22.2799
0 -1.8 -1.1 33.9794
0 -1.9 -0.9 58.6491
0 -2.1 -1.2 33.3616
0 -2.1 -1.4 27.7594
0 -2.2 -1.2 28.0808
0 -2.1 -1.3 33.7822
0 -1.6 -1 62.3555
0 -1.8 -1.7 58.7803
0 -1.4 -1 77.0298
0 -1.6 -1.5 26.8617
0 -2 -1.5 57.3972
0 -1.6 -1.1 23.1393
0 -1.5 -1.2 39.3059
0 -2.1 -1 40.0014
0 -2.2 -1.4 45.7504
0 -1.3 -1.1 45.5857
0 -1.4 -1.1 57.2045
0 -1.5 -0.8 80.0621
0 -1.6 -0.8 108.493
0 -1.5 -0.7 11.3058
0 -1.4 -0.6 94.1533
0 -1.2 -0.7 50.318
0 -1.4 -0.9 34.4348
0 -1.3 -0.9 48.6789
0 -1.3 -0.8 10.6866
0 -1.2 -0.9 82.0434
0 -1.7 -0.8 19.723
0 -1.3 -0.7 27.604
0 -1.2 -1 58.5823
0 -1.5 -0.4 42.0328
0 -1.3 -1 22.2253
0 -1.2 -0.8 38.385
0 -1.6 -0.6 24.5878
0 -1.3 -0.4 47.1446
0 -1.1 -0.9 46.6262
0 -1.3 -0.5 41.1523
0 -1.1 -0.7 64.8289
0 -1.4 -1.6 61.2448
0 -1 -0.9 42.1599
0 -1 -0.6 31.7029
0 -1 -0.8 39.219
0 -0.9 -0.7 40.9484
0 -1 -1 52.4001
0 -1.1 -0.8 11.1435
0 -1.6 -0.7 50.084
0 -1.3 -0.6 6.07048
0 -1.2 -0.6 33.3473
0 -1 -1.1 28.2193
0 1 1.4 1e-08
0 0.5 0.2 1e-08
0 1.9 3.1 1e-08
0 -1.1 0.7 1e-08
0 1.6 1.8 1e-08
0 -2.6 0.3 1e-08
0 -3 1.8 1e-08
0 1.2 2.9 1e-08
0 0.1 -0.9 1e-08
0 -0.1 -0.4 1e-08
0 3 0.6 1e-08
0 1.7 3 1e-08
0 -0.1 -2.6 1e-08
0 2.9 -2.4 1e-08
0 -1.8 -3.1 1e-08
0 -0.8 -1 1e-08
0 1.4 -0.8 1e-08
0 -2.9 -2.3 1e-08
0 0.5 1.5 1e-08
0 2.2 -2.3 1e-08
0 -2.7 -0.6 1e-08
0 -1.6 -0.2 1e-08
0 2.3 -0.3 1e-08
0 -2.6 -1.2 1e-08
0 0 1.5 1e-08
0 1.2 3 1e-08
0 -1.1 1.9 1e-08
0 -2.7 1.6 1e-08
0 -1.2 -2.6 1e-08
0 2.7 1.6 1e-08
0 -1.8 2.9 1e-08
0 1.5 1.5 1e-08
0 0.1 -2.6 1e-08
0 0.9 -2.6 1e-08
0 1.4 0.2 1e-08
0 1.5 2.3 1e-08
0 -2.8 -2.6 1e-08
0 0.9 2.9 1e-08
0 -0.1 2.3 1e-08
0 2.1 2 1e-08
0 1.3 -0.6 1e-08
0 0.8 0.2 1e-08
0 -0.8 -0.9 1e-08
0 -1.4 -0.2 1e-08
0 0.8 -2.1 1e-08
0 2.4 2.6 1e-08
0 2.4 -0.3 1e-08
0 -0.3 0.1 1e-08
0 -0.8 -0.6 1e-08
0 2.9 -0.8 1e-08
0 -2.4 -1.6 1e-08
0 1.2 2.9 1e-08
0 2.5 -2.8 1e-08
0 0.9 2.6 1e-08
0 -2.7 2.9 1e-08
0 -0.2 -0.3 1e-08
0 -1.3 1.5 1e-08
0 -2.6 -2 1e-08
0 -0.4 -1.3 1e-08
0 0.3 1 1e-08
0 2.9 -2 1e-08
0 -0.5 2.8 1e-08
0 1.3 -1.1 1e-08
0 1.4 3 1e-08
0 -2.9 -1.5 1e-08
0 1.6 -0.3 1e-08
0 1.8 -1.7 1e-08
0 -1 -0.7 1e-08
0 1.2 -2.9 1e-08
0 -0.5 2.7 1e-08
0 -0.4 0.1 1e-08
0 -2.4 -2 1e-08
0 -0.1 -1.3 1e-08
0 0.7 2.8 1e-08
0 -1.4 3.1 1e-08
0 -1.8 2.5 1e-08
0 -1.7 -1.5 1e-08
0 -0.2 2 1e-08
0 -2.5 2.2 1e-08
0 1.8 2.1 1e-08
0 -1.8 -2.5 1e-08
0 1.1 0.9 1e-08
0 0 -0.8 1e-08
0 2.6 -1.8 1e-08
0 0.8 -0.9 1e-08
0 1.9 0.2 1e-08
0 2.9 1.1 1e-08
0 2.9 -2.4 1e-08
0 -0.4 -3 1e-08
0 1.1 -0.2 1e-08
0 3 -0.1 1e-08
0 -2.4 -3 1e-08
0 1.1 -0.8 1e-08
0 -0.1 1.5 1e-08
0 -2.6 1.9 1e-08
0 -1.2 -3.1 1e-08
0 -2.3 1.2 1e-08
0 -2 -2.6 1e-08
0 -0.9 1.5 1e-08
0 0.1 1.4 1e-08
0 2 -3.1 1e-08
0 1.9 -1 1e-08
0 0.6 -0.4 1e-08
0 -0.5 2.5 1e-08
0 0.8 0.4 1e-08
0 2.5 1.7 1e-08
0 1.1 -3.1 1e-08
0 -1.9 1 1e-08
0 1.5 0.2 1e-08
0 1.4 0.6 1e-08
0 -0.2 2.2 1e-08
0 -2.7 1.5 1e-08
0 0.3 -2.5 1e-08
0 -0.3 1.8 1e-08
0 3 -1.5 1e-08
0 1.5 2.8 1e-08
0 2.6 -0.9 1e-08
0 -0.3 -0.1 1e-08
0 0.6 -0.9 1e-08
0 -1.7 2.5 1e-08
0 2.1 -3 1e-08
0 -2 1.7 1e-08
0 1.7 -0.1 1e-08
0 -1 0.1 1e-08
0 -2.7 -1.9 1e-08
0 -1.9 -0.9 1e-08
0 -1.8 -2.4 1e-08
0 -2.2 0.2 1e-08
0 0.4 -0.3 1e-08
0 -2.6 -0.1 1e-08
0 2.3 2.7 1e-08
0 0.2 -1 1e-08
0 1.8 -1.7 1e-08
0 1.7 2.9 1e-08
0 1.2 -2 1e-08
0 -1.1 0.7 1e-08
0 -2 1.6 1e-08
0 1.6 3 1e-08
0 -2.2 -2.3 1e-08
0 2.4 -1.1 1e-08
0 -1.1 1.9 1e-08
0 1.7 -2.8 1e-08
0 2 0.5 1e-08
0 -2.9 -2.7 1e-08
0 0.4 -3.1 1e-08
0 1 -0.1 1e-08
0 2.4 -2.2 1e-08
0 -2.4 -3 1e-08
0 -0.5 1.8 1e-08
0 -2 0.1 1e-08
0 -2.9 -2.8 1e-08
0 0.9 -1.8 1e-08
0 -2.6 2.7 1e-08
0 -1.8 -0.5 1e-08
0 -2.6 0.5 1e-08
0 -2.6 0.7 1e-08
0 0.2 3 1e-08
0 -1.2 0.9 1e-08
0 -1.9 3 1e-08
0 -1.6 2 1e-08
0 -2.4 3.1 1e-08
0 -0.6 1 1e-08
0 1.8 -2.9 1e-08
0 2 -0.8 1e-08
0 0.6 1.6 1e-08
0 0.1 -0.9 1e-08
0 0.4 -1.3 1e-08
0 0 -1.2 1e-08
0 2.9 -2.4 1e-08
0 0.3 2 1e-08
0 1.6 0.2 1e-08
0 -2 -2.5 1e-08
0 0.1 -0.2 1e-08
0 0.5 2.8 1e-08
0 1.5 2.2 1e-08
0 2.1 -1 1e-08
0 -2 2.2 1e-08
0 2.9 -2.9 1e-08
0 1.6 -1.7 1e-08
0 1.4 1.2 1e-08
0 -0.2 -1.8 1e-08
0 -2.5 3 1e-08
0 1.2 -0.6 1e-08
0 0.1 1.4 1e-08
0 0.6 0.1 1e-08
0 -2.5 -2.4 1e-08
0 1.3 1.4 1e-08
0 -0.9 -2.7 1e-08
0 -0.4 0.1 1e-08
0 -2.9 1.1 1e-08
0 -1.2 2.1 1e-08
0 2.9 -0.2 1e-08
0 0 -0.1 1e-08
0 2.7 1.3 1e-08
0 2.2 -2.3 1e-08
0 2.7 -1.6 1e-08
0 2.7 0.1 1e-08
0 -2.5 -0.2 1e-08
0 -2.4 -2.7 1e-08
0 -0.4 1.9 1e-08
0 -1.9 -1.6 1e-08
0 1.8 0 1e-08
0 2.4 2.3 1e-08
0 0.7 1 1e-08
0 -0.8 -0.4 1e-08
0 0.4 0 1e-08
0 2.8 -1 1e-08
0 1.7 1 1e-08
0 -1.4 -2.8 1e-08
0 -1.8 1.8 1e-08
0 -2.6 -1.4 1e-08
0 1.7 3 1e-08
0 1.7 -2.3 1e-08
0 2.1 1.2 1e-08
0 -3 -1 1e-08
0 1.9 -3 1e-08
0 1.3 2.5 1e-08
0 2.5 1.2 1e-08
0 0.7 -2.3 1e-08
0 0.4 -1.4 1e-08
0 1.1 0.4 1e-08
0 1.1 0.5 1e-08
0 0.7 -2.9 1e-08
0 -0.5 1.8 1e-08
0 0.5 2.4 1e-08
0 -2.4 -2.1 1e-08
0 2.7 2.6 1e-08
0 -2.5 -1.4 1e-08
0 -3 2.9 1e-08
0 2.1 -1.2 1e-08
0 -1.8 3.1 1e-08
0 -1.7 0.4 1e-08
0 -2.7 2.6 1e-08
0 -0.6 -0.3 1e-08
0 0.7 -1.7 1e-08
0 -0.6 0.3 1e-08
0 -2.4 0.8 1e-08
0 -2.9 -1.2 1e-08
0 3 -2 1e-08
0 -2.9 -0.8 1e-08
0 -2.7 0.3 1e-08
0 -2.8 2.8 1e-08
0 1 1 1e-08
0 0.3 0.7 1e-08
0 0.6 0.1 1e-08
0 -2.2 -1.1 1e-08
0 2 -2.7 1e-08
0 2.1 2.5 1e-08
0 0.5 -0.9 1e-08
0 0.6 2.9 1e-08
0 -1.5 0.2 1e-08
0 -2.4 2.7 1e-08
0 0.6 2.1 1e-08
0 2.2 -2.6 1e-08
0 2.1 -1 1e-08
0 -1.9 -1.9 1e-08
0 -0.1 -0.7 1e-08
0 2.8 -2.1 1e-08
0 -1.8 1.4 1e-08
0 0.7 -3.1 1e-08
0 -1 2.3 1e-08
0 0.9 -3.1 1e-08
0 -0.6 1.5 1e-08
0 -0.3 -0.6 1e-08
0 0 2.4 1e-08
0 0.8 -1 1e-08
0 -1.7 2.6 1e-08
0 0.3 1.8 1e-08
0 -0.4 1.7 1e-08
0 2.5 -2.7 1e-08
0 -1.7 0.2 1e-08
0 0.8 0.4 1e-08
0 -2.7 -2.2 1e-08
0 -2.7 2.9 1e-08
0 -1.3 2.5 1e-08
0 1.1 -0.2 1e-08
0 0.5 0.2 1e-08
0 2.9 3 1e-08
0 -0.9 0.5 1e-08
0 -2.5 -1.5 1e-08
0 -1.6 -0.3 1e-08
0 -2.5 1.2 1e-08
0 -1 2.6 1e-08
0 -2.1 2.1 1e-08
0 -0.8 -0.6 1e-08
0 2.3 0.9 1e-08
0 -1.6 2.4 1e-08
0 -2 -3.1 1e-08
0 1.7 1.1 1e-08
0 -2.3 -2.7 1e-08
0 2.1 1.4 1e-08
0 2.3 -2.8 1e-08
0 -2.7 0.7 1e-08
0 -1.6 1.9 1e-08
0 3 -0.6 1e-08
0 -0.6 -0.1 1e-08
0 0.8 -1.3 1e-08
0 -2.9 2.1 1e-08
0 1.5 3 1e-08
0 -1.3 2.4 1e-08
0 -0.5 1.4 1e-08
0 2.6 3.1 1e-08
0 -1.1 0.3 1e-08
0 0.4 -3 1e-08
0 2.6 1.8 1e-08
0 1.3 -1.8 1e-08
0 -2.7 -0.7 1e-08
0 1 -1.2 1e-08
0 -2.8 -3 1e-08
0 0.5 1.3 1e-08
0 2.7 -1.5 1e-08
0 0.1 2 1e-08
0 0.1 1.9 1e-08
0 0 -3 1e-08
0 -1.3 0.6 1e-08
0 -0.6 0.6 1e-08
0 2.1 -1.8 1e-08
0 0.6 -3.1 1e-08
0 2.5 1 1e-08
0 1.6 2.3 1e-08
0 0.1 0.4 1e-08
0 -1.5 1.4 1e-08
0 1.2 -0.4 1e-08
0 1.9 -2.9 1e-08
0 -0.5 0.6 1e-08
0 0.3 0.2 1e-08
0 -1.3 2.8 1e-08
0 -0.5 0.4 1e-08
0 -0.5 -0.9 1e-08
0 2.9 1.9 1e-08
0 3 2.4 1e-08
0 -0.5 2.3 1e-08
0 -2.1 -1.8 1e-08
0 1.5 3.1 1e-08
0 1.1 -2.1 1e-08
0 1.7 0.6 1e-08
0 2.6 1.8 1e-08
0 0.1 -2 1e-08
0 -1.4 -2 1e-08
0 2.7 2.3 1e-08
0 1.7 3.1 1e-08
0 0.1 1.6 1e-08
0 1.1 -0.1 1e-08
0 3 -1 1e-08
0 -0.7 -2.7 1e-08
0 -3 2.3 1e-08
0 -2.3 2.7 1e-08
0 2 1.3 1e-08
0 0.7 2 1e-08
0 1.1 -1.6 1e-08
0 1.2 -1.5 1e-08
0 -0.4 0.5 1e-08
0 1.3 -2.3 1e-08
0 -0.2 0.8 1e-08
0 -1.8 1.9 1e-08
0 -2 2.2 1e-08
0 -2.3 -0.3 1e-08
0 -0.4 0.1 1e-08
0 -0.4 3.1 1e-08
0 2.6 -0.1 1e-08
0 1.3 -2.3 1e-08
0 1.3 1.2 1e-08
0 -2.1 1 1e-08
0 -2 2.7 1e-08
0 -1.5 -2.3 1e-08
0 0.5 -3 1e-08
0 -2 0.7 1e-08
0 1.4 0.8 1e-08
0 -1.7 -0.8 1e-08
0 -3 -0.8 1e-08
0 -1.4 0 1e-08
0 1.3 2.3 1e-08
0 -0.5 0.9 1e-08
0 -2.9 0.9 1e-08
0 0.3 2 1e-08
0 0.1 0.4 1e-08
0 1.8 -0.4 1e-08
0 -2.8 -1.5 1e-08
0 -0.2 0.5 1e-08
0 -2.7 -3 1e-08
0 -1.4 -0.7 1e-08
0 2 0.5 1e-08
0 -0.9 1.6 1e-08
0 -2.1 1.6 1e-08
0 -0.6 1.7 1e-08
0 2 0.3 1e-08
0 -1.5 -0.5 1e-08
0 3 1.5 1e-08
0 2.4 -0.2 1e-08
0 1.6 0.9 1e-08
0 -1.7 -2.1 1e-08
0 2.3 -1.9 1e-08
0 -0.6 1.2 1e-08
0 -0.7 1.6 1e-08
0 1.8 -0.7 1e-08
0 -2.7 0.9 1e-08
0 2.3 -1.4 1e-08
0 1 1.2 1e-08
0 -1.4 -0.8 1e-08
0 0.3 -1.8 1e-08
0 -2.8 3 1e-08
0 0.7 -0.4 1e-08
0 -0.9 1 1e-08
0 -0.6 1.2 1e-08
0 0.6 2.1 1e-08
0 -0.6 1.1 1e-08
0 -3 -2.4 1e-08
0 2.7 2.2 1e-08
0 -1.3 1.6 1e-08
0 0.9 -0.6 1e-08
0 -0.7 -2.5 1e-08
0 1.2 -0.4 1e-08
0 -1.7 0.9 1e-08
0 -2 -0.5 1e-08
0 0.8 -3.1 1e-08
0 1.3 -0.9 1e-08
0 -2.3 2.7 1e-08
0 -0.7 0.3 1e-08
0 -1.9 1.9 1e-08
0 -1.7 2.3 1e-08
0 -2.9 0.2 1e-08
0 2.7 1.8 1e-08
0 -0.1 -0.2 1e-08
0 -2 0.8 1e-08
0 -2.6 -1.5 1e-08
0 -1.1 2.1 1e-08
0 -2.8 -0.1 1e-08
0 1.6 0.1 1e-08
0 0.2 0.6 1e-08
0 -1.5 2.3 1e-08
0 -3 2.2 1e-08
0 0.3 0 1e-08
0 1.9 -2.9 1e-08
0 1.2 -1.3 1e-08
0 -0.9 0.8 1e-08
0 0.3 1.3 1e-08
0 0.1 2.8 1e-08
0 2.6 2.1 1e-08
0 1.1 -0.3 1e-08
0 -0.4 2.6 1e-08
0 2.6 2.1 1e-08
0 1.7 -1.8 1e-08
0 -0.8 -0.5 1e-08
0 2.6 0.3 1e-08
0 1.3 0.9 1e-08
0 2.7 0.3 1e-08
0 -0.2 -1.8 1e-08
0 -0.6 3 1e-08
0 1.9 -1 1e-08
0 -0.3 1.9 1e-08
0 -0.4 -1 1e-08
0 -2 2 1e-08
0 0.2 2.4 1e-08
0 -1.4 1.7 1e-08
0 3 0.8 1e-08
0 -0.3 3.1 1e-08
0 -1.3 -2.3 1e-08
0 3 2.7 1e-08
0 1.5 0.9 1e-08
0 1.6 0.4 1e-08
0 2 3.1 1e-08
0 -0.9 2.8 1e-08
0 -2.4 -2.4 1e-08
0 1.2 -1.1 1e-08
0 -1 -3.1 1e-08
0 2 2.5 1e-08
0 -0.3 1.3 1e-08
0 -0.7 1.6 1e-08
0 1.4 -3.1 1e-08
0 -2.2 -2.1 1e-08
0 0.7 3 1e-08
0 0.2 0.2 1e-08
0 0.8 1.3 1e-08
0 -2 2.4 1e-08
0 -1 2.6 1e-08
0 0.9 -0.1 1e-08
0 -1.9 2.7 1e-08
0 2.7 -2.5 1e-08
0 -2.7 -0.8 1e-08
0 3 -2.1 1e-08
0 0.4 -1.6 1e-08
0 -0.5 -2.8 1e-08
0 -1.4 2.4 1e-08
0 -2.7 -2.1 1e-08
0 -0.9 2 1e-08
0 1.3 -1.3 1e-08
0 0.7 1.1 1e-08
0 2.3 -0.6 1e-08
0 2.9 -0.6 1e-08
0 3 -2.1 1e-08
0 2.9 1.8 1e-08
0 0.2 -1.8 1e-08
0 -1.9 -0.9 1e-08
0 0.8 2.3 1e-08
0 1.7 0.3 1e-08
0 -2.8 -0.5 1e-08
0 -3 -2.2 1e-08
0 -2.5 -3.1 1e-08
0 1.7 -0.9 1e-08
0 0.4 1.6 1e-08
0 2.2 -1.8 1e-08
0 -1.9 3.1 1e-08
0 -1.5 2.2 1e-08
0 0.4 2.9 1e-08
0 -0.9 2.5 1e-08
0 -2.2 0 1e-08
0 2.8 -2.8 1e-08
0 2.2 0.5 1e-08
0 -2.2 -2.5 1e-08
0 2.8 1.1 1e-08
0 1.1 -1.1 1e-08
0 -2.5 -2.9 1e-08
0 2.6 2.5 1e-08
0 0.8 -0.4 1e-08
0 -0.4 -0.9 1e-08
0 2.3 1.1 1e-08
0 1 2.7 1e-08
0 0.6 1.7 1e-08
0 -2.7 -1.8 1e-08
0 0 -2.7 1e-08
0 1 -0.7 1e-08
0 -0.7 1.8 1e-08
0 -2.2 -1.1 1e-08
0 2.6 -0.7 1e-08
0 0.5 2.1 1e-08
0 0.5 3.1 1e-08
0 -1.5 2.2 1e-08
0 2 0.9 1e-08
0 1.9 1.9 1e-08
0 -2.3 0 1e-08
0 1.3 -1.9 1e-08
0 0.5 3.1 1e-08
0 0.3 2.6 1e-08
0 -0.1 -2.2 1e-08
0 -2.1 -2.6 1e-08
0 0.9 0.2 1e-08
0 2.1 2.6 1e-08
0 -0.1 0.6 1e-08
0 2.6 -2.4 1e-08
0 3 2.7 1e-08
0 -2.5 -0.8 1e-08
0 1.6 0.4 1e-08
0 -0.4 0.9 1e-08
0 2.6 -1.8 1e-08
0 -2.5 -2.2 1e-08
0 -0.4 -1 1e-08
0 2.4 2.6 1e-08
0 2.7 -0.6 1e-08
0 1.3 1.2 1e-08
0 -1.3 3.1 1e-08
0 0.4 1.3 1e-08
0 2.4 0.5 1e-08
0 -1.6 2.8 1e-08
0 0 -1.5 1e-08
0 0.9 2.2 1e-08
0 0.4 1.2 1e-08
0 -1.5 2.5 1e-08
0 0.6 1.5 1e-08
0 1 1.5 1e-08
0 -0.6 2.6 1e-08
0 2.2 -1 1e-08
0 1.9 -1.5 1e-08
0 -0.6 3 1e-08
0 0.4 0.8 1e-08
0 -2.5 3 1e-08
0 -2.7 -2.6 1e-08
0 2.9 0.4 1e-08
0 -2.8 2.8 1e-08
0 0.8 -0.5 1e-08
0 -2.2 -3 1e-08
0 2.6 0.6 1e-08
0 -0.9 -2.6 1e-08
0 1.9 2.8 1e-08
0 -1.7 -2.5 1e-08
0 -2.1 -0.8 1e-08
0 1.2 1.5 1e-08
0 0.4 2.5 1e-08
0 -1.5 1.2 1e-08
0 0.5 -1.3 1e-08
0 2.3 -0.5 1e-08
0 -2.3 -1.1 1e-08
0 0.2 1 1e-08
0 -0.9 0.3 1e-08
0 -3 -2.6 1e-08
0 -1.5 0.9 1e-08
0 1.7 -2.9 1e-08
0 2 1.6 1e-08
0 -2.6 -0.6 1e-08
0 -2.1 2.8 1e-08
0 2 1.4 1e-08
0 -0.7 -0.5 1e-08
0 0.1 -0.1 1e-08
0 -0.9 2.6 1e-08
0 -0.7 -3 1e-08
0 -1.1 1.1 1e-08
0 1.9 -1 1e-08
0 2.1 2.8 1e-08
0 -1.1 1.6 1e-08
0 -2.3 -1.8 1e-08
0 -0.5 0.4 1e-08
0 -1.3 2.6 1e-08
0 2.1 1.2 1e-08
0 -0.1 -0.7 1e-08
0 2.5 -2.9 1e-08
0 1 -1.2 1e-08
0 0.3 -2 1e-08
0 -0.3 1.8 1e-08
0 1.9 2.1 1e-08
0 -0.3 -1.8 1e-08
0 1.7 -2.3 1e-08
0 -2 -1.7 1e-08
0 0.2 2 1e-08
0 2.5 2.5 1e-08
0 -1.6 0.6 1e-08
0 0.1 -1 1e-08
0 2.5 -0.3 1e-08
0 1.6 -1.3 1e-08
0 1 -2.9 1e-08
0 -1.8 2.4 1e-08
0 -0.1 1.8 1e-08
0 1.6 -0.3 1e-08
0 2.8 2.7 1e-08
0 0.8 -1.5 1e-08
0 -0.1 -2.6 1e-08
0 -2.7 -1.7 1e-08
0 -0.1 -0.5 1e-08
0 -1.1 -3 1e-08
0 -1.4 -0.5 1e-08
0 -1.3 0.7 1e-08
0 -0.9 -2.5 1e-08
0 2.4 -1 1e-08
0 -2.1 2.8 1e-08
0 2.2 -3 1e-08
0 -0.8 2.1 1e-08
0 -2.4 2 1e-08
0 2.2 -0.9 1e-08
0 -3 0.8 1e-08
0 -0.2 1.8 1e-08
0 -2.3 3.1 1e-08
0 0.6 2.6 1e-08
0 -2.5 -3 1e-08
0 1.8 0.4 1e-08
0 0.9 0.6 1e-08
0 2.3 2.3 1e-08
0 -1.5 0.3 1e-08
0 -2.7 -0.4 1e-08
0 2.6 -0.5 1e-08
0 -1.7 1.7 1e-08
0 -1.9 -2.6 1e-08
0 -3 1.7 1e-08
0 2 1.4 1e-08
0 1.8 -1.8 1e-08
0 -2.3 -2.7 1e-08
0 -1.2 0.3 1e-08
0 1.7 -2.4 1e-08
0 1.1 2.2 1e-08
0 -1.3 3.1 1e-08
0 2 -0.6 1e-08
0 -1.3 2 1e-08
0 0.3 -0.4 1e-08
0 1.6 1.4 1e-08
0 -2.7 -2.4 1e-08
0 1.8 2 1e-08
0 1.5 1.1 1e-08
0 2.9 -1.6 1e-08
0 2.9 2.5 1e-08
0 1.6 -1.1 1e-08
0 -0.6 -0.4 1e-08
0 1.4 2.3 1e-08
0 2.2 -2.7 1e-08
0 -1.7 -2.9 1e-08
0 1.6 -2.7 1e-08
0 1.1 -2.5 1e-08
0 -3 1.1 1e-08
0 -1.6 -0.2 1e-08
0 -1.6 1 1e-08
0 0.4 -2.8 1e-08
0 -2 0.7 1e-08
0 1 -1.1 1e-08
0 1.6 3.1 1e-08
0 -2.8 1.9 1e-08
0 -2.8 -0.7 1e-08
0 1.2 -2.8 1e-08
0 -0.7 0.7 1e-08
0 1.4 1.9 1e-08
0 -2.6 1.1 1e-08
0 0.3 -0.7 1e-08
0 -1.4 1.7 1e-08
0 -2.7 2.3 1e-08
0 -1.7 0.8 1e-08
0 -1.9 1.6 1e-08
0 -1.7 2 1e-08
0 0.3 -1.1 1e-08
0 1 -0.8 1e-08
0 0.4 -3.1 1e-08
0 0.4 3 1e-08
0 -1.6 2.1 1e-08
0 0.6 -1 1e-08
0 1.7 -1.4 1e-08
0 0.7 0.4 1e-08
0 -2.6 0.7 1e-08
0 -1.9 1.9 1e-08
0 -1.1 -0.1 1e-08
0 -0.7 -2.3 1e-08
0 1 -0.1 1e-08
0 2 0.9 1e-08
0 0.2 2.4 1e-08
0 -2.4 -1.1 1e-08
0 -2.2 -1.1 1e-08
0 -2.5 -2.3 1e-08
0 -0.3 2.5 1e-08
0 2.8 -0.9 1e-08
0 -2.8 2.2 1e-08
0 -1.4 1.7 1e-08
0 0.5 -0.9 1e-08
0 -0.9 2.8 1e-08
0 -0.2 -2.6 1e-08
0 -0.9 0.2 1e-08
0 2.8 -0.6 1e-08
0 2.4 2.6 1e-08
0 -0.9 0.7 1e-08
0 1 -1.7 1e-08
0 0.2 -2.1 1e-08
0 0.3 -3 1e-08
0 2.7 2.2 1e-08
0 2.5 -0.4 1e-08
0 2.2 -2 1e-08
0 -0.8 -0.6 1e-08
0 1.3 -3.1 1e-08
0 -2.9 3 1e-08
0 -1.9 2.5 1e-08
0 0.4 -0.6 1e-08
0 -2.9 1.7 1e-08
0 -0.1 2.1 1e-08
0 1.1 1.3 1e-08
0 1.4 -3 1e-08
0 -2.8 -2.8 1e-08
0 -1.9 1.9 1e-08
0 1.2 1.5 1e-08
0 1.7 -1.8 1e-08
0 2.4 -3 1e-08
0 -1.4 -3.1 1e-08
0 2.2 1.9 1e-08
0 -1.1 0.4 1e-08
0 -2.4 -0.5 1e-08
0 0.5 1.9 1e-08
0 0.2 1.6 1e-08
0 -1 0.9 1e-08
0 -2.8 -0.8 1e-08
0 -1.3 2.6 1e-08
0 -0.8 2.8 1e-08
0 0.9 -1.1 1e-08
0 0 2.8 1e-08
0 -1.5 2 1e-08
0 1.9 -1.9 1e-08
0 1.1 3 1e-08
0 1.7 0.3 1e-08
0 1.5 2.2 1e-08
0 -0.8 2.4 1e-08
0 -2.9 2.1 1e-08
0 0.7 2.7 1e-08
0 2.5 -3.1 1e-08
0 2.7 2.1 1e-08
0 1.5 -1.5 1e-08
0 1.5 -2.9 1e-08
0 -3 -2 1e-08
0 -0.4 -0.6 1e-08
0 -0.6 -0.7 1e-08
0 2.5 -2.8 1e-08
0 2 1.9 1e-08
0 2.5 3.1 1e-08
0 -2.1 -1.6 1e-08
0 -1.2 1.7 1e-08
0 -2.5 -1.8 1e-08
0 2 -1.6 1e-08
0 1.1 -0.7 1e-08
0 0 2.6 1e-08
0 -1.2 2.3 1e-08
0 -0.6 0.4 1e-08
0 0.6 -1.5 1e-08
0 -2.8 -0.2 1e-08
0 2.7 -0.2 1e-08
0 -2.7 1.7 1e-08
0 2.1 -0.2 1e-08
0 -2.8 3 1e-08
0 2.7 -2 1e-08
0 -2.8 2.8 1e-08
0 -0.4 -0.1 1e-08
0 -0.1 1.5 1e-08
0 2.1 -1.1 1e-08
0 -0.1 -1.9 1e-08
0 2.4 0 1e-08
0 2.2 -1.4 1e-08
0 -0.8 -0.9 1e-08
0 -0.5 -0.6 1e-08
0 -2.4 -1.9 1e-08
0 0.2 -1.5 1e-08
0 2.7 -1.6 1e-08
0 -0.5 -2.1 1e-08
0 2.4 2.8 1e-08
0 -2.2 -1.9 1e-08
0 -1.4 -2.9 1e-08
0 2.7 -1.8 1e-08
0 -0.6 0.7 1e-08
0 1.6 -2.9 1e-08
0 -1.6 0.6 1e-08
0 2.5 2.6 1e-08
0 -0.2 0.3 1e-08
0 -2.9 0.6 1e-08
0 -2.7 -2.5 1e-08
0 0.1 2.2 1e-08
0 -0.4 -0.4 1e-08
0 1.6 -0.4 1e-08
0 -1.9 -2.3 1e-08
0 -0.8 2 1e-08
0 0.9 0.2 1e-08
0 1.6 1.3 1e-08
0 -1.5 -1.4 1e-08
0 1.9 0.3 1e-08
0 1.9 -2.3 1e-08
0 -0.2 -1.8 1e-08
0 -2.2 -2.3 1e-08
0 0.4 -1.4 1e-08
0 0.7 1.7 1e-08
0 1 2.9 1e-08
0 1.4 1.9 1e-08
0 1.2 1.9 1e-08
0 -0.1 -1.2 1e-08
0 -2 2.1 1e-08
0 -2.9 -2.5 1e-08
0 -0.3 2.8 1e-08
0 -2.8 -2.4 1e-08
0 0 -3.1 1e-08
0 -1.8 -2.7 1e-08
0 1.8 0.5 1e-08
0 2.9 3 1e-08
0 1.4 -2.8 1e-08
0 -1.6 0.3 1e-08
0 -1.7 0.6 1e-08
0 2.4 0.2 1e-08
0 0.1 2.4 1e-08
0 -3 -0.7 1e-08
0 0 -0.2 1e-08
0 0 -0.6 1e-08
0 1.2 1.1 1e-08
0 -1.2 2.7 1e-08
0 1.6 -3.1 1e-08
0 1.8 0.3 1e-08
0 2.7 -1.4 1e-08
0 0.4 -1.1 1e-08
0 2.6 -0.1 1e-08
0 0.3 1.4 1e-08
0 -0.2 -2.6 1e-08
0 1.1 1.5 1e-08
0 0.8 2.2 1e-08
0 -0.6 -0.5 1e-08
0 1.8 1.5 1e-08
0 2.5 2.6 1e-08
0 1.8 -0.6 1e-08
0 1.2 0.7 1e-08
0 1 -0.4 1e-08
0 -3 2.8 1e-08
0 0.3 2.5 1e-08
0 2.8 -2.9 1e-08
0 1.3 2.7 1e-08
0 -0.4 -0.6 1e-08
0 1.3 2.4 1e-08
0 1.1 3.1 1e-08
0 0.9 2.4 1e-08
0 1.6 -0.5 1e-08
0 0.6 1.4 1e-08
0 0.8 -1.3 1e-08
0 -0.6 2.4 1e-08
0 -2.2 -2 1e-08
0 2.4 0.7 1e-08
0 0.6 -2.2 1e-08
0 -2.9 -0.3 1e-08
0 1 -0.9 1e-08
0 1.4 0.6 1e-08
0 0 -0.3 1e-08
0 -1.9 -1.8 1e-08
0 0.4 0.9 1e-08
0 -0.1 -1.9 1e-08
0 0.6 0.8 1e-08
0 0.7 -2 1e-08
0 0.9 -1.7 1e-08
0 1.1 1.6 1e-08
0 -0.2 0.6 1e-08
0 -0.2 3 1e-08
0 0.7 -3.1 1e-08
0 1.7 1.2 1e-08
0 -0.7 -0.5 1e-08
0 2.1 2.5 1e-08
1 2.7 1.4 163.699
1 2.6 1.3 92.3317
1 2.5 1.3 11.3104
1 2.5 1.4 78.0933
1 2.6 1.7 91.6196
1 2.6 1.2 44.4053
1 2.8 1.3 16.765
1 2.7 1.3 23.7024
1 2.4 1.4 33.45
1 2.7 1.2 31.0621
1 2.4 1.2 67.5693
1 2.6 1.4 1.34438
1 2.6 1.5 13.414
1 2.7 1.1 0.22293
1 2.6 1.1 37.6855
1 2.5 1.2 40.9988
1 2.5 1.5 22.9311
1 2.9 1.2 41.2294
1 2.2 1.2 61.3622
1 2.7 1.5 39.753
1 2.5 1.1 65.7273
1 2.5 1 54.5026
1 2.4 1.3 71.9384
1 2.8 1.2 73.6636
1 2.3 1.2 56.9695
1 2.9 1.3 7.37883
1 2.6 0.9 17.7855
1 2.7 1 50.3827
1 2.9 1.7 104.84
1 3 1.7 96.9785
1 2.8 1.5 56.9496
1 3 1.5 19.487
1 3.1 1.6 39.5796
1 3 1.9 54.9257
1 2.9 1.8 78.4355
1 3.1 1.7 51.2233
1 2.9 1.6 40.1925
1 3 1.4 70.8684
1 3.1 1.5 37.2389
1 2.8 1.7 41.5602
1 3 1.6 65.1548
1 2.8 1.6 8.73765
1 3.1 1.8 29.4656
1 2.5 1.7 33.1895
1 2.8 1.8 30.7652
1 2.9 1.5 38.4266
1 3.2 1.7 5.57051
1 3.1 1.4 19.4003
1 3.1 1.9 60.338
1 2.7 1.6 40.1868
1 3.2 1.6 46.4913
1 3.2 1.9 51.1816
1 3.1 2 8.20211
1 2.7 1.7 44.227
1 2.7 1.8 20.3818
1 3 1.8 69.7826
1 2.9 1.9 35.0083
1 3.3 1.6 70.6924
1 2.8 1.4 64.9241
1 2.9 2 65.647
1 2.6 1.6 5.06493
1 0.6 2.5 1e-08
1 -2.4 1 1e-08
1 -0.8 -1.6 1e-08
1 -1.8 1.6 1e-08
1 0.7 -2.5 1e-08
1 1.5 0.9 1e-08
1 -0.7 -1.5 1e-08
1 2.5 1.8 1e-08
1 -1.1 1.6 1e-08
1 -0.9 -0.3 1e-08
1 -0.4 1 1e-08
1 -0.2 -0.1 1e-08
1 0.9 2.9 1e-08
1 1.3 1.6 1e-08
1 -0.2 -2.5 1e-08
1 -1.3 0.6 1e-08
1 0.4 -2.2 1e-08
1 0.8 -0.1 1e-08
1 -1.2 -2.7 1e-08
1 -0.6 -1.3 1e-08
1 2.6 -2.4 1e-08
1 0.6 2.7 1e-08
1 2.9 -0.2 1e-08
1 2.7 2.1 1e-08
1 -2.2 0.8 1e-08
1 -1.9 1.6 1e-08
1 -2.9 -0.9 1e-08
1 -1.8 0.2 1e-08
1 -0.1 -0.7 1e-08
1 -2.9 -2.8 1e-08
1 2.9 -2.7 1e-08
1 1.5 -0.5 1e-08
1 0.4 0.1 1e-08
1 0 0.9 1e-08
1 0.4 -0.2 1e-08
1 1.9 1.2 1e-08
1 3 0.5 1e-08
1 2.8 0.1 1e-08
1 -2.8 -1.3 1e-08
1 1.9 0.3 1e-08
1 0.4 -2.6 1e-08
1 -2.2 0.2 1e-08
1 0.2 2.8 1e-08
1 0 2.7 1e-08
1 -1 -3.1 1e-08
1 -2.3 -1.5 1e-08
1 -0.6 2.6 1e-08
1 -1.7 -2.6 1e-08
1 -0.9 0.5 1e-08
1 -2.4 1.9 1e-08
1 2.1 -0.3 1e-08
1 1.5 -1.8 1e-08
1 -1.8 -1.3 1e-08
1 -0.3 0 1e-08
1 2.8 -0.9 1e-08
1 3 2.2 1e-08
1 -3 -1.3 1e-08
1 -3 2 1e-08
1 2 -0.6 1e-08
1 -1.3 2.6 1e-08
1 -1.4 0 1e-08
1 -2.2 3.1 1e-08
1 -0.5 2.9 1e-08
1 -1.7 -1 1e-08
1 1.3 -1.4 1e-08
1 -1.2 1 1e-08
1 2.9 2.1 1e-08
1 1.4 0.7 1e-08
1 0.4 -2.4 1e-08
1 1.7 -1.9 1e-08
1 -1.1 2.4 1e-08
1 -1.4 2 1e-08
1 -2.8 1.6 1e-08
1 2.9 -0.5 1e-08
1 -0.4 -0.3 1e-08
1 -2.4 -0.9 1e-08
1 1 1 1e-08
1 -2.3 -0.8 1e-08
1 2.6 0.3 1e-08
1 0.6 1.8 1e-08
1 2.2 -1.1 1e-08
1 -0.2 3.1 1e-08
1 -0.7 2.1 1e-08
1 -2.6 2.3 1e-08
1 -2.8 -1.3 1e-08
1 0.3 0.4 1e-08
1 0.1 2.7 1e-08
1 2.2 0.1 1e-08
1 0.6 2.6 1e-08
1 -1.7 -2.8 1e-08
1 -2.3 -3.1 1e-08
1 2.4 -1.3 1e-08
1 -1.7 2.1 1e-08
1 0.5 -2.1 1e-08
1 -0.6 0.7 1e-08
1 0.3 2.5 1e-08
1 0.9 0.7 1e-08
1 1.4 1.2 1e-08
1 1.3 -2.5 1e-08
1 -1.7 -1 1e-08
1 -2.8 2.8 1e-08
1 0.5 2.7 1e-08
1 -0.7 2.1 1e-08
1 1.1 1.7 1e-08
1 2.4 2.6 1e-08
1 2.3 2.7 1e-08
1 2.2 -2.7 1e-08
1 -1.1 2.9 1e-08
1 2.6 2.9 1e-08
1 -1.2 -2.9 1e-08
1 -0.3 3 1e-08
1 -1.9 2.7 1e-08
1 0.4 -1 1e-08
1 1.3 -1 1e-08
1 2.3 3.1 1e-08
1 -0.5 1.3 1e-08
1 -0.6 0.6 1e-08
1 1.2 0.2 1e-08
1 -2.4 -2.2 1e-08
1 -1.8 0.1 1e-08
1 -1.4 -2.6 1e-08
1 -1.5 -1.3 1e-08
1 1.2 0.5 1e-08
1 -2.7 2.4 1e-08
1 0.5 0.6 1e-08
1 1.5 -2.4 1e-08
1 -0.7 -3.1 1e-08
1 0.8 -1.3 1e-08
1 -1.9 -0.7 1e-08
1 -2.9 0.7 1e-08
1 2.8 -3.1 1e-08
1 2.9 -1 1e-08
1 0.5 1.7 1e-08
1 -2 -0.2 1e-08
1 2.9 -1.4 1e-08
1 0.7 0.6 1e-08
1 -0.6 2.7 1e-08
1 -2.7 2.1 1e-08
1 -1.1 -1.9 1e-08
1 0.3 -1 1e-08
1 -1.3 -1.4 1e-08
1 0.5 -0.8 1e-08
1 2.2 0.4 1e-08
1 1.7 -1.4 1e-08
1 2.2 2.8 1e-08
1 1.3 1.5 1e-08
1 0.7 -0.9 1e-08
1 0.6 2.4 1e-08
1 -2.6 -0.3 1e-08
1 -2 2.6 1e-08
1 0.1 2.3 1e-08
1 3 -1.4 1e-08
1 -2.8 0.9 1e-08
1 1.9 -2.3 1e-08
1 -1.3 -0.6 1e-08
1 -1 -2 1e-08
1 -1.4 -0.7 1e-08
1 -2.3 -2.7 1e-08
1 2 -2.2 1e-08
1 0.8 -1 1e-08
1 -2.7 2.7 1e-08
1 0 1.4 1e-08
1 0.3 0.3 1e-08
1 -0.4 -2.8 1e-08
1 2.2 -1 1e-08
1 0.1 -1.6 1e-08
1 2.7 2.1 1e-08
1 -2.5 -1.8 1e-08
1 2.7 0 1e-08
1 2.4 2.7 1e-08
1 -1.2 -0.6 1e-08
1 -0.9 1.9 1e-08
1 0.8 2.2 1e-08
1 -0.5 0 1e-08
1 -1 -1.1 1e-08
1 -2.2 0 1e-08
1 0.5 -2.3 1e-08
1 -0.5 -2.9 1e-08
1 -1.9 -1.2 1e-08
1 -1.8 -0.1 1e-08
1 0.7 -0.9 1e-08
1 1.6 -0.4 1e-08
1 -1.4 -2.3 1e-08
1 -3 1.2 1e-08
1 2.6 -0.1 1e-08
1 -2.1 2 1e-08
1 -2.9 0.8 1e-08
1 1.4 0.6 1e-08
1 -2.6 -1.9 1e-08
1 -0.5 2.4 1e-08
1 -2.3 1.5 1e-08
1 -2.5 -1.8 1e-08
1 2.4 0.9 1e-08
1 2 -2.8 1e-08
1 2.9 -2.8 1e-08
1 2.9 -0.4 1e-08
1 2.5 -0.7 1e-08
1 0.5 1.1 1e-08
1 2.2 -1 1e-08
1 -0.1 -1.6 1e-08
1 0.3 -2.6 1e-08
1 -2.3 -2.4 1e-08
1 0.2 3.1 1e-08
1 -1.8 2.1 1e-08
1 -2.5 1.5 1e-08
1 2.6 2.3 1e-08
1 0.9 -2.8 1e-08
1 -2.1 1.8 1e-08
1 -0.2 -1.4 1e-08
1 -0.2 3 1e-08
1 0.3 2.8 1e-08
1 1.9 -0.7 1e-08
1 -1.6 1.9 1e-08
1 1.9 0.9 1e-08
1 0.3 2.4 1e-08
1 -1 -2.2 1e-08
1 -2.5 -1.7 1e-08
1 1.9 -0.5 1e-08
1 1.9 -2 1e-08
1 2.5 -0.5 1e-08
1 2.6 -1 1e-08
1 1 -0.4 1e-08
1 0 -2.3 1e-08
1 -1.8 2.2 1e-08
1 0.6 0.7 1e-08
1 1.8 1.1 1e-08
1 2.3 3 1e-08
1 -1.5 -1.3 1e-08
1 -0.5 2.1 1e-08
1 -2 -1 1e-08
1 -0.8 3.1 1e-08
1 -1.3 -3 1e-08
1 -0.8 -2.1 1e-08
1 2.8 -3 1e-08
1 0.3 1.9 1e-08
1 0.7 -3.1 1e-08
1 1.5 -2.7 1e-08
1 1.8 0.8 1e-08
1 -0.6 1.6 1e-08
1 -2.2 1.5 1e-08
1 -2.3 2 1e-08
1 2.3 2 1e-08
1 -2.7 -0.1 1e-08
1 0.4 0.3 1e-08
1 -2.8 1 1e-08
1 -1.1 1.1 1e-08
1 -0.1 -1 1e-08
1 -0.3 -1.7 1e-08
1 -1.7 -2.5 1e-08
1 -0.4 -3.1 1e-08
1 0.3 0.2 1e-08
1 -2.7 2.8 1e-08
1 1.3 -0.2 1e-08
1 2.8 -2.5 1e-08
1 -1.8 -1 1e-08
1 -1.4 -0.9 1e-08
1 1.8 0.2 1e-08
1 -0.6 2.1 1e-08
1 2.1 1.7 1e-08
1 0.6 -2.4 1e-08
1 1.2 2.2 1e-08
1 -0.3 0.1 1e-08
1 -1.4 -2.7 1e-08
1 3 -1 1e-08
1 -2.1 -2.1 1e-08
1 1.5 1.4 1e-08
1 1.2 -1.4 1e-08
1 1.3 -2 1e-08
1 2.1 -1.2 1e-08
1 -1.2 2 1e-08
1 0.3 -2.7 1e-08
1 -1 -1.5 1e-08
1 0.5 0 1e-08
1 -0.4 0.3 1e-08
1 0 -0.8 1e-08
1 -2.5 -0.1 1e-08
1 -0.1 -2.2 1e-08
1 0.8 -2.3 1e-08
1 -1.4 -2.7 1e-08
1 -1.8 2.3 1e-08
1 -0.3 1.5 1e-08
1 -0.2 2.7 1e-08
1 -1.2 0.3 1e-08
1 2.5 -0.2 1e-08
1 2.2 1.7 1e-08
1 -0.3 -0.2 1e-08
1 2.1 1.1 1e-08
1 0.6 -2.4 1e-08
1 -2.6 -1.8 1e-08
1 0.3 0.8 1e-08
1 0.9 0 1e-08
1 0.9 -1 1e-08
1 -2 -1.2 1e-08
1 -2.9 -2.7 1e-08
1 -3 -1.8 1e-08
1 -1.5 -1.5 1e-08
1 -2 1.8 1e-08
1 -1.3 -3.1 1e-08
1 -0.3 2.6 1e-08
1 1.3 -2.7 1e-08
1 -2.2 0.5 1e-08
1 -1.2 -3.1 1e-08
1 -2.4 -2.8 1e-08
1 0.3 1.2 1e-08
1 -1.8 -0.8 1e-08
1 2.6 2.6 1e-08
1 -2.7 0.4 1e-08
1 0.4 2.9 1e-08
1 0.7 -2.6 1e-08
1 -3 2.7 1e-08
1 -2.8 -0.6 1e-08
1 0 1.8 1e-08
1 2.7 -1 1e-08
1 1.8 -2.3 1e-08
1 -2.2 -0.2 1e-08
1 -1.4 -2.7 1e-08
1 1.7 0.5 1e-08
1 2.8 -0.7 1e-08
1 -0.5 -2.6 1e-08
1 2 0.3 1e-08
1 -2.9 -2.3 1e-08
1 -2.1 -0.6 1e-08
1 -1.5 -0.8 1e-08
1 -2 -2.5 1e-08
1 -2.1 2 1e-08
1 -2.4 -2.1 1e-08
1 1.3 -0.9 1e-08
1 0.6 1.8 1e-08
1 2.4 0.5 1e-08
1 2.4 -0.8 1e-08
1 -0.8 0.8 1e-08
1 1 3.1 1e-08
1 0.9 0.6 1e-08
1 1.2 1.8 1e-08
1 1 -0.2 1e-08
1 0.2 0.6 1e-08
1 0.5 0.9 1e-08
1 3 -0.8 1e-08
1 2.5 3 1e-08
1 -0.2 -0.3 1e-08
1 -2.4 2.6 1e-08
1 -0.5 -2.4 1e-08
1 -2.9 2.3 1e-08
1 0.6 1.6 1e-08
1 -0.1 -3.1 1e-08
1 2.1 1.8 1e-08
1 -1.6 -0.2 1e-08
1 0.2 0.8 1e-08
1 -1.8 1.8 1e-08
1 0.9 1.3 1e-08
1 -1.1 0.4 1e-08
1 -0.8 -0.7 1e-08
1 1.1 -2.5 1e-08
1 -0.6 2.2 1e-08
1 1.1 0.6 1e-08
1 0.7 0.8 1e-08
1 1.8 1.2 1e-08
1 -1.2 -1.5 1e-08
1 0.2 2.1 1e-08
1 -2.5 2.4 1e-08
1 2 -1.5 1e-08
1 -1.3 2.4 1e-08
1 0.6 0.3 1e-08
1 1.3 -1.7 1e-08
1 1 1.1 1e-08
1 1.1 -0.7 1e-08
1 2.7 -2.4 1e-08
1 1.7 2 1e-08
1 -2.4 2.7 1e-08
1 0 -2.8 1e-08
1 -2.5 1.8 1e-08
1 -2 1.4 1e-08
1 -0.7 -0.4 1e-08
1 -1.9 0.4 1e-08
1 -0.6 1.6 1e-08
1 -1.5 2 1e-08
1 -0.3 0.3 1e-08
1 1.5 -1.9 1e-08
1 2.4 2.3 1e-08
1 -0.9 -0.1 1e-08
1 1.7 1.5 1e-08
1 -2.1 1.1 1e-08
1 2.9 0.3 1e-08
1 1.1 3 1e-08
1 -2.4 1.4 1e-08
1 -2.9 -0.7 1e-08
1 -2.9 -1.9 1e-08
1 2.5 2 1e-08
1 -2.5 -2.6 1e-08
1 0.1 0.6 1e-08
1 0.2 2.4 1e-08
1 -1.5 -1.9 1e-08
1 -2.2 -3 1e-08
1 1.5 -2.1 1e-08
1 -1.6 1.3 1e-08
1 -0.7 -1.1 1e-08
1 0.1 -0.6 1e-08
1 2.2 2.9 1e-08
1 -2.3 -0.1 1e-08
1 1.2 -2.3 1e-08
1 -2.1 1.6 1e-08
1 1.8 1.4 1e-08
1 -1.4 -2.8 1e-08
1 -0.5 0.7 1e-08
1 0.4 1 1e-08
1 -0.8 -1.4 1e-08
1 2 -1.8 1e-08
1 2.7 3.1 1e-08
1 2.2 -0.7 1e-08
1 -1.5 -1.6 1e-08
1 2.9 -0.4 1e-08
1 -2 -2.2 1e-08
1 -1.8 2.1 1e-08
1 -2.8 1.1 1e-08
1 -0.1 -3 1e-08
1 0.7 2.3 1e-08
1 -1.9 -2.7 1e-08
1 -1.4 -2.1 1e-08
1 2.5 -3.1 1e-08
1 2 0.2 1e-08
1 -1.4 -0.6 1e-08
1 2.7 -0.8 1e-08
1 -1.6 -2.1 1e-08
1 1.2 -2.2 1e-08
1 2.3 1.9 1e-08
1 -0.7 -2.6 1e-08
1 0.8 2.8 1e-08
1 -2.6 -2.4 1e-08
1 -0.2 3.1 1e-08
1 2.3 1 1e-08
1 1.7 -1.4 1e-08
1 -0.9 -2.9 1e-08
1 2.6 0.1 1e-08
1 2.2 2.2 1e-08
1 1.6 -2 1e-08
1 0.7 -1.3 1e-08
1 -0.6 0.8 1e-08
1 -2.5 0 1e-08
1 1.4 3.1 1e-08
1 -0.4 0.7 1e-08
1 -1.8 -1.4 1e-08
1 2.4 0.3 1e-08
1 1.8 -2.7 1e-08
1 2.2 -2 1e-08
1 -0.2 3.1 1e-08
1 -1.4 -0.3 1e-08
1 0.5 -0.3 1e-08
1 -1.9 -1.9 1e-08
1 0 -2 1e-08
1 0.3 0 1e-08
1 -0.6 -3.1 1e-08
1 2.2 2.2 1e-08
1 2.2 -0.3 1e-08
1 2.1 1.5 1e-08
1 2.2 3 1e-08
1 -1.9 -0.6 1e-08
1 -0.4 3.1 1e-08
1 0.2 0.4 1e-08
1 0.6 1.9 1e-08
1 -1.6 1 1e-08
1 -1.4 0.7 1e-08
1 -1.3 -2.8 1e-08
1 1.2 -2.4 1e-08
1 0.3 -0.3 1e-08
1 -0.6 2.5 1e-08
1 0.1 -2.8 1e-08
1 -2 -1.8 1e-08
1 1.5 -0.2 1e-08
1 -2.1 3.1 1e-08
1 -2 -2.2 1e-08
1 2.1 -1.6 1e-08
1 0.4 0.6 1e-08
1 -1.3 -1 1e-08
1 -0.6 3.1 1e-08
1 -1.2 1.4 1e-08
1 0.3 -0.3 1e-08
1 -1.9 -1.7 1e-08
1 -2.5 -0.1 1e-08
1 3 -0.9 1e-08
1 0.1 -1.7 1e-08
1 2.9 2.8 1e-08
1 2.7 0.4 1e-08
1 2.3 0.1 1e-08
1 0.3 -3.1 1e-08
1 0.6 1.9 1e-08
1 0.2 -2.2 1e-08
1 0.6 1.7 1e-08
1 1.4 -1.2 1e-08
1 -1.6 0.2 1e-08
1 -2.7 -2.2 1e-08
1 -0.7 2.9 1e-08
1 -2.1 1.8 1e-08
1 -1.5 0.8 1e-08
1 -0.9 2.1 1e-08
1 -2.4 0.4 1e-08
1 -2.2 -0.9 1e-08
1 -2.2 1.3 1e-08
1 -2.3 -2.3 1e-08
1 -2.2 0.1 1e-08
1 2.5 0.5 1e-08
1 0.7 -2 1e-08
1 2.2 -0.3 1e-08
1 -1.3 1.1 1e-08
1 -0.9 -0.4 1e-08
1 -0.5 3 1e-08
1 0.1 -0.8 1e-08
1 0.9 0.4 1e-08
1 0.8 0 1e-08
1 -1 -1.3 1e-08
1 -2.9 -2.4 1e-08
1 -0.7 3 1e-08
1 -2.5 2.7 1e-08
1 -1.4 -0.5 1e-08
1 0.4 2.9 1e-08
1 2.8 -1.3 1e-08
1 0.2 0.4 1e-08
1 2.3 3.1 1e-08
1 -0.6 2.5 1e-08
1 0.2 -0.1 1e-08
1 3 -0.4 1e-08
1 -1.6 -2 1e-08
1 -2.8 -3 1e-08
1 2 -3 1e-08
1 0.9 -1.6 1e-08
1 -1 -0.9 1e-08
1 0.5 1.3 1e-08
1 -2.5 3.1 1e-08
1 2.2 -2.9 1e-08
1 -3 1.2 1e-08
1 2.1 0.9 1e-08
1 3 -2 1e-08
1 -0.5 3 1e-08
1 2.7 -2.7 1e-08
1 -2.1 -2.5 1e-08
1 1.6 3.1 1e-08
1 -3 -0.7 1e-08
1 1.7 -0.7 1e-08
1 2.6 -1 1e-08
1 -1.8 1.4 1e-08
1 -1.1 2.2 1e-08
1 -0.1 2.4 1e-08
1 -1.6 0.6 1e-08
1 -0.5 -0.1 1e-08
1 -0.8 0.9 1e-08
1 -2.4 2.6 1e-08
1 0.8 -2.4 1e-08
1 1.1 0.3 1e-08
1 0.1 1.8 1e-08
1 -2 1.8 1e-08
1 -2.7 2.4 1e-08
1 -1.5 1.2 1e-08
1 2.2 -0.2 1e-08
1 -2 -2.7 1e-08
1 -1 2.7 1e-08
1 1 -2.1 1e-08
1 1.8 -1 1e-08
1 -2.3 -2.4 1e-08
1 0.6 1 1e-08
1 -1.2 1.9 1e-08
1 -2 1.5 1e-08
1 -2.5 -0.2 1e-08
1 -0.5 -2.3 1e-08
1 1.7 -1.6 1e-08
1 2.7 3.1 1e-08
1 -1 2.3 1e-08
1 -1.9 0.4 1e-08
1 -1.6 0.5 1e-08
1 -0.7 -1.5 1e-08
1 -0.2 2.9 1e-08
1 -2.1 2.1 1e-08
1 0.9 -1.6 1e-08
1 2.3 -2.1 1e-08
1 0.2 0.1 1e-08
1 -0.7 -0.7 1e-08
1 -2.2 -1.6 1e-08
1 0.6 3 1e-08
1 -2.2 0.4 1e-08
1 0.3 -0.1 1e-08
1 0.4 1.4 1e-08
1 0.6 -0.7 1e-08
1 1.5 0.4 1e-08
1 -2.9 -0.3 1e-08
1 2.7 -2 1e-08
1 2.4 2.5 1e-08
1 1.7 2.3 1e-08
1 -0.5 -2.9 1e-08
1 2.7 -1.1 1e-08
1 1.1 2.1 1e-08
1 2.4 2.9 1e-08
1 1.1 1.7 1e-08
1 -0.2 -0.6 1e-08
1 -0.1 -0.4 1e-08
1 -2.9 0.3 1e-08
1 -0.4 1.2 1e-08
1 -1.9 2.7 1e-08
1 0.7 2.1 1e-08
1 2.3 -3 1e-08
1 -0.5 0.8 1e-08
1 -2 -0.7 1e-08
1 2.6 2 1e-08
1 -0.2 0.5 1e-08
1 -1.2 -3.1 1e-08
1 2.2 1.1 1e-08
1 0.9 -0.9 1e-08
1 -1.2 0.3 1e-08
1 -2.2 0.2 1e-08
1 -0.5 -1.8 1e-08
1 -2.4 -2.2 1e-08
1 0 2.5 1e-08
1 0.9 1.1 1e-08
1 0.5 -3 1e-08
1 -2.6 -2.9 1e-08
1 -0.1 1.5 1e-08
1 -2.2 2 1e-08
1 1.5 1.3 1e-08
1 2.7 2.5 1e-08
1 0.7 0.9 1e-08
1 0 -2.1 1e-08
1 0.8 1.9 1e-08
1 0.4 2.5 1e-08
1 -0.1 -1.1 1e-08
1 -0.1 -2.5 1e-08
1 -1.1 0.1 1e-08
1 2.5 2.8 1e-08
1 -1.3 0.2 1e-08
1 -1 2.1 1e-08
1 2.2 -2.2 1e-08
1 1.1 -1 1e-08
1 1 0.5 1e-08
1 1.1 -2.5 1e-08
1 -1.4 1.5 1e-08
1 -1.9 0.6 1e-08
1 -2.6 -2.7 1e-08
1 -1.2 -2 1e-08
1 -2.6 1.8 1e-08
1 -0.4 -0.8 1e-08
1 2.2 3 1e-08
1 2 -1.7 1e-08
1 -0.9 -1.6 1e-08
1 0.7 -3.1 1e-08
1 1.1 1 1e-08
1 -0.7 0.5 1e-08
1 -1.1 1.5 1e-08
1 -1.8 -3 1e-08
1 2.2 -1.7 1e-08
1 -1.8 -1.9 1e-08
1 -1.6 1.6 1e-08
1 2.7 -3 1e-08
1 2 1.8 1e-08
1 -1.1 1.2 1e-08
1 -2 -2.3 1e-08
1 -0.6 2.8 1e-08
1 -1.7 0.7 1e-08
1 -0.9 1.5 1e-08
1 -1.2 -1.9 1e-08
1 2.8 0.3 1e-08
1 -2.5 1.8 1e-08
1 -2.2 -2.7 1e-08
1 -2.6 -2.2 1e-08
1 0.8 3.1 1e-08
1 1.8 -1.6 1e-08
1 1.1 1.5 1e-08
1 0.8 1.9 1e-08
1 1.4 -1.4 1e-08
1 -2.6 -0.4 1e-08
1 -2.7 -1.9 1e-08
1 -0.2 -2.3 1e-08
1 -2.9 -2.9 1e-08
1 -2.1 -2.4 1e-08
1 -0.4 -2.1 1e-08
1 0.7 0.3 1e-08
1 1.8 2.2 1e-08
1 -2.1 2.3 1e-08
1 -1.9 2 1e-08
1 -1.7 -1.2 1e-08
1 -0.3 2.5 1e-08
1 -1.3 -2.8 1e-08
1 -0.8 2.2 1e-08
1 -0.4 2 1e-08
1 -2.1 1.1 1e-08
1 0.7 1.6 1e-08
1 -0.6 -2.9 1e-08
1 2.3 -3.1 1e-08
1 2.8 -0.5 1e-08
1 -1.1 -0.4 1e-08
1 0.5 -2.9 1e-08
1 0.3 -2.9 1e-08
1 0.3 -3 1e-08
1 -1.7 2.7 1e-08
1 -2 1.9 1e-08
1 -2.6 -2.4 1e-08
1 -0.4 -0.3 1e-08
1 -0.2 -2.2 1e-08
1 -2.8 1 1e-08
1 0.1 0.9 1e-08
1 0.4 2.4 1e-08
1 -1.8 -2.9 1e-08
1 -2 -0.1 1e-08
1 2.9 2.9 1e-08
1 0.6 0.1 1e-08
1 0.1 -1.8 1e-08
1 -0.9 -2.8 1e-08
1 0.7 1.6 1e-08
1 3 -0.4 1e-08
1 1.3 -1.7 1e-08
1 2.5 1.8 1e-08
1 2.2 -0.9 1e-08
1 1.8 1.6 1e-08
1 2.3 -1.6 1e-08
1 -0.7 -2.3 1e-08
1 -3 -1.6 1e-08
1 -2.1 0.7 1e-08
1 -2.6 2.6 1e-08
1 -1.2 1.4 1e-08
1 -1 2.3 1e-08
1 2.2 -0.6 1e-08
1 -2.8 3.1 1e-08
1 -1.2 -0.1 1e-08
1 -0.8 -0.9 1e-08
1 -1.2 -1.8 1e-08
1 -2.1 -3.1 1e-08
1 -0.4 0.5 1e-08
1 -2.6 -1.1 1e-08
1 -2 0.9 1e-08
1 -1.9 3 1e-08
1 1.9 1.1 1e-08
1 -0.4 -3.1 1e-08
1 -2.4 -3 1e-08
1 2 2.4 1e-08
1 -1.3 -1.4 1e-08
1 -1.1 1.4 1e-08
1 -0.7 1.5 1e-08
1 -1 -1.9 1e-08
1 -1.2 -1.3 1e-08
1 2 -1 1e-08
1 -1 1.6 1e-08
1 2 -2.7 1e-08
1 2.2 -1.7 1e-08
1 1.8 -1.2 1e-08
1 -0.6 -2.6 1e-08
1 -1.5 -0.3 1e-08
1 -1.8 -0.2 1e-08
1 -2.3 0 1e-08
1 0.4 0.2 1e-08
1 -1.5 2.9 1e-08
1 2.8 -2.5 1e-08
1 -0.6 1 1e-08
1 0.1 0.9 1e-08
1 -1.6 -0.4 1e-08
1 -2.7 1.5 1e-08
1 0.4 1.8 1e-08
1 3 -2.7 1e-08
1 0.1 1.6 1e-08
1 0.5 2.7 1e-08
1 0.5 -1.2 1e-08
1 -2.2 -0.8 1e-08
1 2.5 -1.8 1e-08
1 1 -0.4 1e-08
1 0.8 0.4 1e-08
1 1.8 -3.1 1e-08
1 0.9 1.2 1e-08
1 0.8 -2.1 1e-08
1 -2.4 -2.4 1e-08
1 2.5 -2.4 1e-08
1 1.9 -2.5 1e-08
1 0.5 -0.6 1e-08
1 -1.3 0.6 1e-08
1 -1.8 -2.8 1e-08
1 2.5 -1.2 1e-08
1 -1.1 3 1e-08
1 2.6 -2.2 1e-08
1 -1.1 -1.7 1e-08
1 -2.7 1.6 1e-08
1 -2.9 3 1e-08
1 -0.4 0.8 1e-08
1 -3 -2.8 1e-08
1 -1 0.2 1e-08
1 -0.1 -2.9 1e-08
1 -0.5 1.3 1e-08
1 -1.5 -0.9 1e-08
1 -0.1 -1.8 1e-08
1 0.9 -2.5 1e-08
1 -1.2 0.3 1e-08
1 -2.1 -1.1 1e-08
1 1.1 -2.2 1e-08
1 1.8 -3.1 1e-08
1 3 0 1e-08
1 -2.9 -2.2 1e-08
1 -2.8 -1.5 1e-08
1 1 1.9 1e-08
1 -1.3 1 1e-08
1 -2.7 0.3 1e-08
1 0.4 0.2 1e-08
1 2.7 0.6 1e-08
1 0.1 -0.2 1e-08
1 -1.8 -2.8 1e-08
1 1.2 -2.4 1e-08
1 -2.7 1.5 1e-08
1 1.9 -0.9 1e-08
1 -3 0.1 1e-08
1 0.2 -1.8 1e-08
1 -0.5 -0.7 1e-08
1 0.8 2.7 1e-08
1 -0.5 -0.4 1e-08
1 -2.8 -2.7 1e-08
1 1.6 1.3 1e-08
1 1 0.6 1e-08
1 1.4 0.4 1e-08
1 -1.2 -0.9 1e-08
1 -1.2 1.7 1e-08
1 0.3 -2.5 1e-08
1 -1.5 0 1e-08
1 -1.6 0.5 1e-08
1 1.2 2.1 1e-08
1 -2.2 0.5 1e-08
1 1.1 2.3 1e-08
1 2.4 -0.5 1e-08
1 -0.4 -1.4 1e-08
1 2.2 2.2 1e-08
1 0.3 0.4 1e-08
1 2.2 -0.6 1e-08
1 1.6 -1.6 1e-08
1 2.9 -0.2 1e-08
1 -1.5 0.9 1e-08
1 0.8 2.7 1e-08
1 3 -1.9 1e-08
1 -1.3 0.1 1e-08
1 1 -2.6 1e-08
1 -0.1 0.6 1e-08
1 2.6 -1.2 1e-08
1 -0.9 0.6 1e-08
1 1.7 1.6 1e-08
1 -1.1 0.1 1e-08
1 0.4 0.8 1e-08
1 2.2 0.4 1e-08
1 -2.4 2.7 1e-08
1 -2.9 -0.3 1e-08
1 -1.8 -2.7 1e-08
1 -1.9 2.3 1e-08
1 -1.1 2.8 1e-08
1 1.8 2.3 1e-08
1 0.8 -3.1 1e-08
1 -0.6 2.9 1e-08
1 2.4 2.8 1e-08
1 2.8 -2.5 1e-08
1 -1 -2.9 1e-08
1 -2 2.8 1e-08
1 -2.7 2.4 1e-08
1 2 -3.1 1e-08
1 1.9 -1 1e-08
1 2.2 0.8 1e-08
1 -1.7 -2.1 1e-08
1 1.2 0.4 1e-08
1 0.7 -2.7 1e-08
1 -1.9 -0.9 1e-08
1 0.9 0.7 1e-08
1 0.9 -1.4 1e-08
1 -1.2 -2 1e-08
1 1.8 1.1 1e-08
1 -1.3 1.6 1e-08
1 -1.2 1.3 1e-08
1 1.7 2.1 1e-08
1 -0.6 -1 1e-08
1 -0.4 2.9 1e-08
1 -3 -0.2 1e-08
1 -1.8 -1.3 1e-08
1 3 -1.2 1e-08
1 0.4 2.6 1e-08
1 1.2 -1.4 1e-08
1 2.8 2.1 1e-08
1 -1 -0.1 1e-08
1 -2 -1.9 1e-08
1 2.8 1.1 1e-08
1 1.5 0.6 1e-08
1 0.2 -1 1e-08
1 -2.3 1.9 1e-08
1 -2.9 2.1 1e-08
1 -1.9 -0.1 1e-08
1 -2.7 -2.3 1e-08
1 -0.6 -2.3 1e-08
1 -2.9 0.8 1e-08
1 1.6 -0.7 1e-08
1 -0.9 2.5 1e-08
1 0.2 1.3 1e-08
1 0.3 2.4 1e-08
1 -0.2 -1.1 1e-08
1 2.3 2.5 1e-08
1 1.9 1.8 1e-08
1 2.2 -2.4 1e-08
1 1.7 1.1 1e-08
1 1.4 -0.7 1e-08
1 1.9 -2.8 1e-08
1 -0.2 1.7 1e-08
1 -2.1 -2.9 1e-08
1 -1.8 -1.8 1e-08
1 0.4 -1.7 1e-08
1 -0.8 3 1e-08
1 0.5 -2.4 1e-08
1 -2.8 -2.2 1e-08
1 -0.1 -0.7 1e-08
1 0.2 0 1e-08
1 -1.3 -3.1 1e-08
1 2.4 -0.5 1e-08
1 2.9 1.4 1e-08
1 -1.9 3 1e-08
1 -2.2 2.9 1e-08
1 3 0.7 1e-08
1 2.5 -2.5 1e-08
1 0.7 -2.4 1e-08
1 -0.8 2.5 1e-08
1 -2 -1.4 1e-08
1 -2 0.7 1e-08
1 -3 1 1e-08
1 2.9 2.1 1e-08
1 2.9 -1.2 1e-08
1 -0.9 -1.4 1e-08
1 -0.3 1.7 1e-08
1 1.4 0.6 1e-08
1 -1.7 -2.2 1e-08
1 2.3 -2.3 1e-08
1 -2.1 -1.9 1e-08
1 1.8 0.4 1e-08
1 -1.9 -0.4 1e-08
1 0.8 -0.9 1e-08
1 -0.7 0.1 1e-08
1 -1.3 2.7 1e-08
1 -0.5 0.3 1e-08
1 -2.3 -1.5 1e-08
1 0.3 -2.3 1e-08
1 2 0 1e-08
1 1 0.6 1e-08
1 2.3 0.6 1e-08
1 0.1 1.1 1e-08
1 0.4 1.9 1e-08
1 -0.2 -1.6 1e-08
1 -0.9 1.5 1e-08
1 0.2 0.3 1e-08
1 -0.8 -0.6 1e-08
1 0.8 1.4 1e-08
1 0.8 -0.8 1e-08
1 -1.7 1.6 1e-08
1 -2.1 -0.7 1e-08
1 2.4 0.8 1e-08
1 1.5 -0.9 1e-08
1 2.7 0.7 1e-08
1 -1 -1 1e-08
1 2.8 -2.5 1e-08
1 2.7 2.7 1e-08
1 -2.4 2.2 1e-08
1 1.8 -2.1 1e-08
1 1.3 -1.2 1e-08
1 -0.7 -1.6 1e-08
1 1 -1.8 1e-08
1 -3 -1.3 1e-08
1 -0.4 -3.1 1e-08
1 3 -1.1 1e-08
1 3 0.7 1e-08
1 -2.1 2.9 1e-08
1 2.3 2.2 1e-08
1 0.6 -0.6 1e-08
1 -0.3 2.7 1e-08
1 -1.7 0.3 1e-08
1 0.8 1.6 1e-08
1 2.8 1.1 1e-08
1 0.5 2.1 1e-08
1 2.2 -0.6 1e-08
2 -1.4 2 69.2354
2 -1.4 1.7 106.358
2 -1.4 1.6 55.7421
2 -1.3 1.6 21.1107
2 -1.4 1.8 38.5226
2 -1.3 1.7 31.3925
2 -1.6 1.9 56.7346
2 -1.4 1.9 66.5067
2 -1.4 2.1 61.1017
2 -1.2 1.7 33.5275
2 -1.8 1.6 51.7862
2 -1.1 1.8 67.0719
2 -1.2 1.6 47.7788
2 -0.9 1.6 57.7928
2 -1.3 1.8 1.63605
2 -1.3 2 73.3594
2 -1.6 2 64.0923
2 -1.5 1.5 29.1456
2 -1.3 1.5 24.8106
2 -1.4 1.4 48.8833
2 -1.6 1.7 52.6383
2 -1.7 1.7 17.5943
2 -1.6 1.8 62.1447
2 -1.2 1.8 6.61173
2 -1.6 1.6 51.6799
2 -1.3 1.9 51.9192
2 -1.6 1.5 35.6512
2 -0.9 1.5 19.4793
2 -1 2.1 91.2021
2 -1.1 2.2 104.996
2 -0.8 2.1 5.26083
2 -1.1 2 71.7487
2 -0.7 2.2 40.9825
2 -1 2.2 40.7032
2 -0.9 2.2 60.3512
2 -0.9 2.1 44.5894
2 -0.5 2.1 52.531
2 -1.2 2.1 38.0934
2 -1.1 1.9 1.56863
2 -1.1 2.3 23.2393
2 -1 2 79.028
2 -0.8 1.9 45.4952
2 -1 2.3 73.5304
2 -1.1 2.4 3.02551
2 -0.8 2.2 19.0909
2 -0.9 2.3 49.249
2 -1.1 2.1 13.0991
2 -0.8 2.4 56.3157
2 -1.3 2.2 38.7432
2 -0.8 2.3 70.6204
2 -1.2 2.2 38.5031
2 -1 1.9 47.8234
2 -0.9 2 38.5329
2 -0.7 2.1 53.9388
2 -1.2 1.9 24.1803
2 -1 2.5 20.6567
2 -0.8 2 41.7285
2 -1.3 2.1 8.2143
2 -0.9 2.4 52.6707
2 1 2.5 1e-08
2 -1.2 3 1e-08
2 -2.8 2.2 1e-08
2 0 -2.1 1e-08
2 3 -2.2 1e-08
2 -0.4 2.4 1e-08
2 -1.7 -2.6 1e-08
2 -2.4 -1.3 1e-08
2 2 3.1 1e-08
2 -0.5 2.7 1e-08
2 -0.1 0.7 1e-08
2 1.5 3 1e-08
2 0.1 1.4 1e-08
2 -2.5 0.7 1e-08
2 -1.6 -2 1e-08
2 0.4 -2.2 1e-08
2 -0.2 1.7 1e-08
2 2.8 -1.9 1e-08
2 2.2 1.4 1e-08
2 1.1 -0.1 1e-08
2 -0.4 -1.9 1e-08
2 1.3 0.4 1e-08
2 0.6 1.6 1e-08
2 -3 -0.2 1e-08
2 2.9 0 1e-08
2 0.3 -1.1 1e-08
2 -1.9 -2.9 1e-08
2 -1.4 -0.3 1e-08
2 -2.8 -1.1 1e-08
2 1.2 1 1e-08
2 -1.3 0 1e-08
2 1.1 0.9 1e-08
2 2.4 -0.7 1e-08
2 2.1 -2 1e-08
2 -1.4 1 1e-08
2 -0.4 -1.6 1e-08
2 0.6 1 1e-08
2 3 0.8 1e-08
2 0.9 -1.7 1e-08
2 0.9 -2.1 1e-08
2 2.7 -2.8 1e-08
2 2.3 -2.5 1e-08
2 1.6 -0.8 1e-08
2 -1.4 -3 1e-08
2 1.7 0.3 1e-08
2 -2 -2 1e-08
2 2.9 -1.4 1e-08
2 -0.6 1.6 1e-08
2 -0.4 2 1e-08
2 3 2.2 1e-08
2 2.8 3 1e-08
2 -0.8 2.8 1e-08
2 1.3 1.8 1e-08
2 -2.3 -2.6 1e-08
2 -3 -1 1e-08
2 -0.5 2.2 1e-08
2 0.7 -2.9 1e-08
2 1.5 -1.9 1e-08
2 -2.8 -2.5 1e-08
2 2.4 1.5 1e-08
2 2.1 -0.5 1e-08
2 -2.3 -0.3 1e-08
2 0.2 0.7 1e-08
2 3 0.5 1e-08
2 2.8 -1.1 1e-08
2 2.2 1.8 1e-08
2 -0.9 0.9 1e-08
2 -2.2 0 1e-08
2 -0.2 1.8 1e-08
2 2.3 1 1e-08
2 2.8 -2.8 1e-08
2 -0.7 -0.9 1e-08
2 1.4 2.5 1e-08
2 -1.5 2.2 1e-08
2 1.8 2.9 1e-08
2 -0.3 -1.2 1e-08
2 -2.2 0.6 1e-08
2 0 1.7 1e-08
2 -2.7 -2.9 1e-08
2 -1 -1.4 1e-08
2 -1.5 -1.2 1e-08
2 -0.4 1.8 1e-08
2 -2 -0.3 1e-08
2 0.1 -0.7 1e-08
2 0.8 2.8 1e-08
2 0.4 -0.3 1e-08
2 -1.9 0.8 1e-08
2 0 -1.3 1e-08
2 2.8 3 1e-08
2 -1.1 -2.1 1e-08
2 2.4 -1.8 1e-08
2 -1 -0.5 1e-08
2 -2.6 1.5 1e-08
2 -2.2 -0.4 1e-08
2 -0.4 -0.3 1e-08
2 0.9 -1.5 1e-08
2 0.5 0.5 1e-08
2 2.7 0.8 1e-08
2 0.2 0.9 1e-08
2 0.7 0.8 1e-08
2 -1.7 2.1 1e-08
2 -1 -1.8 1e-08
2 2.6 -1.6 1e-08
2 -2.6 -2.9 1e-08
2 2.8 -3 1e-08
2 2.1 -1.8 1e-08
2 -0.4 1.8 1e-08
2 -1.6 2.6 1e-08
2 1.6 -2.3 1e-08
2 -1 0.9 1e-08
2 2.6 -0.3 1e-08
2 1.7 -3 1e-08
2 -2.8 -0.5 1e-08
2 0.9 0.3 1e-08
2 0.2 1.8 1e-08
2 -2.7 -0.8 1e-08
2 1.1 -1.6 1e-08
2 -0.8 1.4 1e-08
2 -0.8 -2.5 1e-08
2 -2 -3 1e-08
2 -2.1 0.8 1e-08
2 1.5 -3 1e-08
2 1.7 3.1 1e-08
2 1.9 -0.4 1e-08
2 0 2.1 1e-08
2 2.7 -0.2 1e-08
2 -0.1 -1.1 1e-08
2 -2.9 -2 1e-08
2 0.4 -2.4 1e-08
2 2.8 -1.7 1e-08
2 -1.8 0.7 1e-08
2 -2.8 0.8 1e-08
2 -2.5 -1.8 1e-08
2 -0.6 0.4 1e-08
2 -2.5 1.4 1e-08
2 1.6 -1.2 1e-08
2 1.5 3.1 1e-08
2 -0.7 0 1e-08
2 0.9 -0.6 1e-08
2 1.3 -2.8 1e-08
2 2.4 -1.8 1e-08
2 0.5 2.2 1e-08
2 -0.7 0.4 1e-08
2 -2.8 -0.1 1e-08
2 2.8 -0.1 1e-08
2 0.6 -0.8 1e-08
2 -1.4 0.3 1e-08
2 1.2 1.3 1e-08
2 1.9 -3.1 1e-08
2 -2.4 -2.3 1e-08
2 -1.3 -2.6 1e-08
2 2.4 -0.6 1e-08
2 -3 -2.4 1e-08
2 1.4 -3 1e-08
2 0.2 2.7 1e-08
2 0.1 -0.1 1e-08
2 -3 1.2 1e-08
2 -1.5 1.1 1e-08
2 1.5 2.1 1e-08
2 -1.8 2.3 1e-08
2 -0.1 1.9 1e-08
2 2.9 -0.6 1e-08
2 0.4 2.3 1e-08
2 0.4 0.6 1e-08
2 -0.5 2.2 1e-08
2 -0.1 0.7 1e-08
2 -0.7 0.4 1e-08
2 0.7 -1.8 1e-08
2 1.2 1.3 1e-08
2 -1.8 1.4 1e-08
2 1.6 0.9 1e-08
2 1.5 -0.6 1e-08
2 -2.5 -0.2 1e-08
2 -0.7 -1.2 1e-08
2 2.4 2.4 1e-08
2 -0.7 1.2 1e-08
2 2.8 -2.1 1e-08
2 2.2 2.4 1e-08
2 1 -2 1e-08
2 0.7 0.7 1e-08
2 1.4 -2.5 1e-08
2 2.8 0.2 1e-08
2 2.9 2.3 1e-08
2 -0.6 -2.8 1e-08
2 -2 1.6 1e-08
2 2.9 -0.5 1e-08
2 0.5 1.2 1e-08
2 -3 1.2 1e-08
2 1.9 -2.5 1e-08
2 1.6 2.9 1e-08
2 -2.6 -0.5 1e-08
2 1.4 -1.6 1e-08
2 1.4 -2.4 1e-08
2 2.4 -2.7 1e-08
2 -0.8 -1.6 1e-08
2 1.8 1 1e-08
2 0.5 0.6 1e-08
2 -1.3 1 1e-08
2 3 -3 1e-08
2 -2.8 3.1 1e-08
2 0.1 -0.8 1e-08
2 0.4 1 1e-08
2 2.8 0.5 1e-08
2 -1.4 0.8 1e-08
2 2 -0.6 1e-08
2 -1.2 -0.1 1e-08
2 0.8 0.4 1e-08
2 -1.1 1.5 1e-08
2 0.3 -2.1 1e-08
2 -2.3 -1.5 1e-08
2 1.4 -0.2 1e-08
2 2.6 2.8 1e-08
2 -2.2 -2 1e-08
2 0.7 -2.8 1e-08
2 -1.3 -0.5 1e-08
2 3 -0.5 1e-08
2 -2.2 0 1e-08
2 0 2.4 1e-08
2 -1.8 1.1 1e-08
2 1.2 2.2 1e-08
2 2.8 1.4 1e-08
2 -2.8 -1.3 1e-08
2 -2.7 2.7 1e-08
2 2.9 -1.7 1e-08
2 1.8 -2.7 1e-08
2 -0.7 1.2 1e-08
2 0.8 1.8 1e-08
2 -0.8 -1.9 1e-08
2 -2.9 -1.7 1e-08
2 -0.1 -0.4 1e-08
2 0.8 -1.8 1e-08
2 -2.2 -1.3 1e-08
2 -2.6 -2.9 1e-08
2 -2.2 0.3 1e-08
2 -1.3 2.4 1e-08
2 1.9 1.4 1e-08
2 3 -1 1e-08
2 1.8 3 1e-08
2 -1.4 -2.8 1e-08
2 0.5 0.5 1e-08
2 2.6 0.9 1e-08
2 -2.4 2 1e-08
2 0.1 1.3 1e-08
2 -3 1.8 1e-08
2 2.7 -0.2 1e-08
2 -2.8 0.9 1e-08
2 1 0 1e-08
2 0.4 2.8 1e-08
2 -0.5 1.2 1e-08
2 -2.8 0.9 1e-08
2 -2.7 -2.6 1e-08
2 1.8 0.8 1e-08
2 2.8 1.1 1e-08
2 2.1 0.8 1e-08
2 -1.7 0.7 1e-08
2 -2.8 2.7 1e-08
2 -2.1 0.5 1e-08
2 -2.9 1.7 1e-08
2 -0.8 1.2 1e-08
2 -1.6 -1.1 1e-08
2 -2.2 -1.1 1e-08
2 -1.4 -2.8 1e-08
2 -0.1 1.7 1e-08
2 2.7 1 1e-08
2 -1.4 -1.6 1e-08
2 1.4 1 1e-08
2 -2.1 1.1 1e-08
2 2.8 -2.7 1e-08
2 -0.5 2.4 1e-08
2 -0.4 -3 1e-08
2 -2.2 -2.8 1e-08
2 -0.9 1.7 1e-08
2 -2.1 -0.1 1e-08
2 -1.9 -0.4 1e-08
2 -2.3 2.8 1e-08
2 1.4 0 1e-08
2 2.4 -1.7 1e-08
2 1.9 2.7 1e-08
2 -1 -0.7 1e-08
2 -0.4 1.8 1e-08
2 2.2 -2.2 1e-08
2 2 -2.3 1e-08
2 -1.6 -0.1 1e-08
2 -1 -1.9 1e-08
2 1.1 2.2 1e-08
2 -1.8 -1 1e-08
2 -2 -2.1 1e-08
2 -2.9 -2.8 1e-08
2 -2.1 0.2 1e-08
2 0.2 1.5 1e-08
2 -2.4 3.1 1e-08
2 0.2 -0.1 1e-08
2 -1.9 -2.5 1e-08
2 2.5 -2.4 1e-08
2 2.6 0.5 1e-08
2 2.6 2.3 1e-08
2 -2.2 2.4 1e-08
2 -0.8 2.5 1e-08
2 2.9 1.7 1e-08
2 2.4 2.9 1e-08
2 3 0 1e-08
2 -2.3 -2 1e-08
2 2.8 1.2 1e-08
2 -1.1 1.1 1e-08
2 -2.5 0.8 1e-08
2 2.6 1.5 1e-08
2 0.1 0.6 1e-08
2 1.9 -2.1 1e-08
2 -0.6 0.7 1e-08
2 1.9 2.4 1e-08
2 2.2 2.8 1e-08
2 -1.7 3.1 1e-08
2 0.9 -2.1 1e-08
2 2.1 2.7 1e-08
2 -1.4 -1.8 1e-08
2 -1.4 -2 1e-08
2 1.4 -1.1 1e-08
2 -1.7 -0.1 1e-08
2 1.5 0.9 1e-08
2 -1.2 -0.6 1e-08
2 0.5 -0.1 1e-08
2 2.9 -0.1 1e-08
2 2.1 -2.7 1e-08
2 -0.5 1.2 1e-08
2 0.5 -1.3 1e-08
2 3 2.2 1e-08
2 2.2 0 1e-08
2 1.9 1.8 1e-08
2 3 2.7 1e-08
2 -0.7 1.8 1e-08
2 0.4 0 1e-08
2 -1.9 -3 1e-08
2 3 -0.2 1e-08
2 -2.1 -1.6 1e-08
2 0.4 0.9 1e-08
2 -2.9 3 1e-08
2 -2.3 -0.2 1e-08
2 -2.1 0.3 1e-08
2 2.6 2.6 1e-08
2 2.5 1 1e-08
2 -1.1 0.2 1e-08
2 0 1.4 1e-08
2 -2.5 -2.1 1e-08
2 0.1 -0.7 1e-08
2 -1.1 2.8 1e-08
2 2.7 0.2 1e-08
2 -2 -0.8 1e-08
2 -2.9 -2.6 1e-08
2 0.5 2.9 1e-08
2 -2.6 1.9 1e-08
2 -1.7 0.1 1e-08
2 2 0.9 1e-08
2 1.1 0.5 1e-08
2 -1.9 0.1 1e-08
2 0.5 -2.7 1e-08
2 -1.3 -2.5 1e-08
2 -2.8 0.3 1e-08
2 -1.5 -1.4 1e-08
2 -2.1 -1.5 1e-08
2 -0.9 -2.9 1e-08
2 1 1 1e-08
2 -3 -2.3 1e-08
2 -0.6 -1 1e-08
2 -0.4 2.8 1e-08
2 -1.1 -1.1 1e-08
2 -1.3 -2.8 1e-08
2 -1.9 2 1e-08
2 -1.8 1 1e-08
2 -1.1 -1.1 1e-08
2 -0.5 -2.4 1e-08
2 0.7 1.4 1e-08
2 -1.6 -2.6 1e-08
2 -2.6 -1.2 1e-08
2 1.6 -3.1 1e-08
2 -2.5 2.9 1e-08
2 1.4 -3 1e-08
2 2.9 -1 1e-08
2 0.9 0.6 1e-08
2 2.2 2.6 1e-08
2 2.7 0.5 1e-08
2 -0.3 1.8 1e-08
2 -0.6 -2.7 1e-08
2 1.7 0.9 1e-08
2 3 -2.5 1e-08
2 0.3 -0.1 1e-08
2 -2.9 -2.6 1e-08
2 -1.3 -0.2 1e-08
2 1.6 0.9 1e-08
2 -0.2 2.9 1e-08
2 3 -2.6 1e-08
2 0.5 -1.6 1e-08
2 -0.6 2.2 1e-08
2 -2.7 -0.3 1e-08
2 1.2 -1.1 1e-08
2 0.9 1.7 1e-08
2 -1.4 0.1 1e-08
2 -2.5 -2.6 1e-08
2 2.7 -0.1 1e-08
2 1.1 -2.1 1e-08
2 0.1 -1.7 1e-08
2 0.4 -1.4 1e-08
2 -0.6 -2.1 1e-08
2 -1 -0.6 1e-08
2 -1.7 2.1 1e-08
2 -1.6 -0.2 1e-08
2 2.4 2.7 1e-08
2 0.2 0.2 1e-08
2 2.8 2.3 1e-08
2 0.3 1.8 1e-08
2 0.7 -0.5 1e-08
2 0.4 -1.6 1e-08
2 -1.1 -2.3 1e-08
2 -1.4 -2.3 1e-08
2 -0.3 1.7 1e-08
2 -0.3 -1.2 1e-08
2 0.5 -1.8 1e-08
2 2.1 0.8 1e-08
2 1.6 2.9 1e-08
2 0.4 1.7 1e-08
2 -2.2 0.2 1e-08
2 0.5 1.2 1e-08
2 0 -2.7 1e-08
2 -0.4 -2.9 1e-08
2 3 -0.9 1e-08
2 -3 -2.3 1e-08
2 1.3 -0.4 1e-08
2 -2.2 2.1 1e-08
2 2.1 -0.8 1e-08
2 -1 -0.8 1e-08
2 1.2 -2.4 1e-08
2 0.1 1 1e-08
2 1.8 0.9 1e-08
2 -0.6 -1.5 1e-08
2 2.7 2.6 1e-08
2 0.2 -3 1e-08
2 -1.8 1.4 1e-08
2 -0.2 1.1 1e-08
2 2.4 0.7 1e-08
2 -1.6 0.6 1e-08
2 -0.2 -1.8 1e-08
2 -1 -2.1 1e-08
2 1.9 0.3 1e-08
2 -1.4 -3 1e-08
2 -2.4 -0.9 1e-08
2 -0.7 -0.8 1e-08
2 -1.2 -1.6 1e-08
2 1.3 0.6 1e-08
2 0.1 -1.9 1e-08
2 1.2 1.8 1e-08
2 -0.9 1.9 1e-08
2 2 -3 1e-08
2 2.7 3 1e-08
2 -1.9 -2.6 1e-08
2 -2.2 2 1e-08
2 -1.4 2.1 1e-08
2 1.1 2.4 1e-08
2 -2.9 2.7 1e-08
2 0.8 -1 1e-08
2 0.6 -1.7 1e-08
2 -2.2 -1.5 1e-08
2 0 0.9 1e-08
2 -2.2 -3 1e-08
2 -1.7 -2.8 1e-08
2 1.1 1 1e-08
2 -0.2 0.2 1e-08
2 1 2 1e-08
2 2.3 -3 1e-08
2 -3 2.3 1e-08
2 -0.4 1.8 1e-08
2 0.1 3.1 1e-08
2 2.6 0.9 1e-08
2 2.4 -0.7 1e-08
2 -3 -2.8 1e-08
2 -1.9 -0.8 1e-08
2 1.3 0.5 1e-08
2 1 0.9 1e-08
2 0.6 -2.7 1e-08
2 -0.8 -1.2 1e-08
2 -1.6 3.1 1e-08
2 0.4 2.6 1e-08
2 -1.9 0.9 1e-08
2 0 3.1 1e-08
2 1.6 -0.4 1e-08
2 -2.1 2.7 1e-08
2 0.9 1.3 1e-08
2 -2.6 -1.2 1e-08
2 -2.3 1 1e-08
2 -2.1 -2.5 1e-08
2 -2.4 -1.1 1e-08
2 -2 -1.1 1e-08
2 -0.1 0 1e-08
2 -0.5 1.5 1e-08
2 2.7 -0.9 1e-08
2 2.4 0.4 1e-08
2 1.5 -3 1e-08
2 -0.2 2.5 1e-08
2 -1.5 -0.2 1e-08
2 1.1 1.2 1e-08
2 -2.7 0.3 1e-08
2 3 1.3 1e-08
2 -2.7 -2.2 1e-08
2 -2.2 0.6 1e-08
2 1.2 1.3 1e-08
2 1.8 -0.6 1e-08
2 -2.4 1.6 1e-08
2 -1.4 -0.9 1e-08
2 -0.1 -0.1 1e-08
2 -1.1 -0.3 1e-08
2 0.2 -2.4 1e-08
2 -2.2 1 1e-08
2 -1.1 -2.9 1e-08
2 -2.3 1 1e-08
2 2.4 -2.3 1e-08
2 2.7 3 1e-08
2 1 2.9 1e-08
2 1 1.2 1e-08
2 0.4 -2.1 1e-08
2 1.6 -2 1e-08
2 -2.5 -0.8 1e-08
2 -0.2 3 1e-08
2 0.5 1.9 1e-08
2 -2.5 1.8 1e-08
2 -0.3 1.6 1e-08
2 -0.5 1.6 1e-08
2 1 -2.7 1e-08
2 -1.5 3.1 1e-08
2 -2.5 -2.8 1e-08
2 -0.4 2.4 1e-08
2 2.7 0 1e-08
2 -1.1 0.4 1e-08
2 2.6 0.1 1e-08
2 2.9 -3 1e-08
2 -1 -2.5 1e-08
2 0.3 -0.4 1e-08
2 1.6 0 1e-08
2 -0.4 -1.9 1e-08
2 1.4 -1 1e-08
2 2.5 -2 1e-08
2 -2.4 0.1 1e-08
2 -1.6 -1.3 1e-08
2 1 -2.2 1e-08
2 2.7 -2.1 1e-08
2 0.5 -3.1 1e-08
2 -1.4 2.5 1e-08
2 -2.9 0.1 1e-08
2 -0.2 -1.9 1e-08
2 -1.7 -1 1e-08
2 0.3 -3.1 1e-08
2 2.6 -0.8 1e-08
2 -1.6 -2.2 1e-08
2 2.5 -2.6 1e-08
2 1.9 -0.8 1e-08
2 -2.2 0.6 1e-08
2 2.8 -2 1e-08
2 -2.8 -2.2 1e-08
2 2.4 1.6 1e-08
2 2.1 -2.8 1e-08
2 1.9 -0.6 1e-08
2 -0.4 -2.3 1e-08
2 -0.1 -0.5 1e-08
2 0.4 -2.1 1e-08
2 -2.3 -1.4 1e-08
2 -0.4 -1.4 1e-08
2 -1.9 -1.6 1e-08
2 1.2 1.1 1e-08
2 -2 1.5 1e-08
2 1 -0.9 1e-08
2 -0.4 -3 1e-08
2 0.7 -1.7 1e-08
2 2.4 -0.6 1e-08
2 -0.7 -3 1e-08
2 -1.7 -1.2 1e-08
2 0.8 -0.1 1e-08
2 -1.5 -2 1e-08
2 2.3 2.3 1e-08
2 2.9 2.1 1e-08
2 1.4 2.7 1e-08
2 -2.6 -1 1e-08
2 -1.3 -1.5 1e-08
2 -2.4 0.7 1e-08
2 0.2 -0.8 1e-08
2 2.7 0 1e-08
2 -3 1.6 1e-08
2 -1.6 -2.3 1e-08
2 0.7 -2.9 1e-08
2 1 -2.1 1e-08
2 1.4 -3 1e-08
2 1 -1.8 1e-08
2 -0.7 -3 1e-08
2 2.1 -3.1 1e-08
2 2.2 0.3 1e-08
2 -1.5 -1.7 1e-08
2 1.8 2.7 1e-08
2 2.8 -1.7 1e-08
2 0.1 1.6 1e-08
2 -0.4 -0.3 1e-08
2 0.5 -3.1 1e-08
2 -0.1 -0.9 1e-08
2 0.2 1.8 1e-08
2 -1.6 1.4 1e-08
2 2.2 1.7 1e-08
2 2.1 2.5 1e-08
2 -1.5 -2.8 1e-08
2 0.3 2.4 1e-08
2 -1.2 -2.4 1e-08
2 1.1 0.3 1e-08
2 -2.4 -0.6 1e-08
2 -1.7 1 1e-08
2 -2.7 2.6 1e-08
2 2 -0.1 1e-08
2 -2.9 -1 1e-08
2 -2.4 -3.1 1e-08
2 -2.7 -1.5 1e-08
2 -1.9 1.2 1e-08
2 -0.8 -3 1e-08
2 -2.9 0.1 1e-08
2 0.3 -1.7 1e-08
2 -1.6 -2.4 1e-08
2 0.9 1.4 1e-08
2 -2.3 3 1e-08
2 -2.6 2.3 1e-08
2 -1.1 0.7 1e-08
2 1.8 -0.1 1e-08
2 2.7 1.9 1e-08
2 -2.1 -1.8 1e-08
2 1.7 -3 1e-08
2 0 0.4 1e-08
2 0.3 0 1e-08
2 -2.7 1.4 1e-08
2 -1.7 2.7 1e-08
2 1.6 -1.1 1e-08
2 2 1.2 1e-08
2 -0.4 1.2 1e-08
2 -1.5 -1.9 1e-08
2 1.4 -1 1e-08
2 1.3 2.8 1e-08
2 -0.7 0.6 1e-08
2 -0.7 -0.4 1e-08
2 0.6 3.1 1e-08
2 -2.5 2.9 1e-08
2 2.1 2.9 1e-08
2 2.5 0 1e-08
2 -2.4 -2.2 1e-08
2 2.8 -0.6 1e-08
2 2.8 0.4 1e-08
2 1.6 2.9 1e-08
2 0.6 -0.4 1e-08
2 -2.5 2.2 1e-08
2 -1 -0.9 1e-08
2 2.8 2.3 1e-08
2 -0.1 -0.6 1e-08
2 1.6 -2.7 1e-08
2 -1.1 -0.3 1e-08
2 -0.7 -2.9 1e-08
2 -0.4 -2.7 1e-08
2 2.1 3 1e-08
2 0.8 2.4 1e-08
2 1.9 1.7 1e-08
2 0.1 -2.7 1e-08
2 2 0.3 1e-08
2 -1.4 -0.9 1e-08
2 1.5 -2.3 1e-08
2 -2.4 -2.8 1e-08
2 2.4 1.7 1e-08
2 0.4 -1.3 1e-08
2 -1.8 -2.2 1e-08
2 2.1 -2.7 1e-08
2 1.1 -2 1e-08
2 1 1.6 1e-08
2 1.8 -0.8 1e-08
2 -0.1 2.1 1e-08
2 -0.8 0.5 1e-08
2 2.9 -2.1 1e-08
2 0.8 2.4 1e-08
2 -0.5 2.7 1e-08
2 2.8 -0.8 1e-08
2 2.7 1.1 1e-08
2 1.7 2.8 1e-08
2 -2.3 -2.8 1e-08
2 -2 -1.4 1e-08
2 2.4 2.3 1e-08
2 2.1 -2.2 1e-08
2 -2.8 1.1 1e-08
2 3 2.2 1e-08
2 -0.6 -0.8 1e-08
2 -2.7 -2 1e-08
2 0.4 -1.9 1e-08
2 -2.1 -2.4 1e-08
2 -2.4 3 1e-08
2 0.4 1.4 1e-08
2 2.2 -2.5 1e-08
2 2.3 1.6 1e-08
2 1.2 1.7 1e-08
2 0.9 -2.3 1e-08
2 -2.5 -3 1e-08
2 2 -0.6 1e-08
2 -1.6 -2.8 1e-08
2 -0.2 0.2 1e-08
2 2.4 -2.2 1e-08
2 -0.2 0.1 1e-08
2 0.6 -2.8 1e-08
2 -2.5 -0.1 1e-08
2 1.8 -3.1 1e-08
2 0.3 -0.1 1e-08
2 -0.3 -0.5 1e-08
2 0.1 0.6 1e-08
2 -1.2 0.6 1e-08
2 2 0.5 1e-08
2 -0.9 2.7 1e-08
2 -2 -1.9 1e-08
2 -1.2 0.8 1e-08
2 -1.4 0.3 1e-08
2 1.2 -0.7 1e-08
2 -1.3 0.3 1e-08
2 -0.8 -1.9 1e-08
2 -2.5 -3 1e-08
2 -0.5 0.8 1e-08
2 1.5 2.3 1e-08
2 2.3 1.6 1e-08
2 1.2 -2.5 1e-08
2 -0.2 2.3 1e-08
2 2.8 -2.7 1e-08
2 -0.9 -1.9 1e-08
2 0.8 1.3 1e-08
2 0.9 1.6 1e-08
2 -1 0.6 1e-08
2 3 2.1 1e-08
2 -1.2 1.2 1e-08
2 -1.3 0 1e-08
2 0.7 -1.5 1e-08
2 2.6 1.1 1e-08
2 0.5 -2.8 1e-08
2 -2.7 0.8 1e-08
2 -2.4 2 1e-08
2 -1.3 3.1 1e-08
2 -2.4 -0.1 1e-08
2 1.9 -0.4 1e-08
2 1 -1.8 1e-08
2 1.2 -3 1e-08
2 -1.2 0.2 1e-08
2 -2.8 -2.7 1e-08
2 2.1 -0.6 1e-08
2 1.7 -0.3 1e-08
2 -1.9 -2 1e-08
2 -2.6 0.5 1e-08
2 0.2 1.4 1e-08
2 1.9 0.9 1e-08
2 0.3 0.9 1e-08
2 -3 -1.3 1e-08
2 -3 -1 1e-08
2 -2.4 -1.9 1e-08
2 -1.3 2.4 1e-08
2 1 1.5 1e-08
2 -1.4 -2 1e-08
2 1.5 -0.3 1e-08
2 2.8 1.6 1e-08
2 -1.7 1.6 1e-08
2 -2.5 -0.5 1e-08
2 -2 -2.7 1e-08
2 0 1.3 1e-08
2 1.2 1.9 1e-08
2 1.5 2.4 1e-08
2 -0.8 1 1e-08
2 0.4 1.9 1e-08
2 -2.4 -2.3 1e-08
2 0.6 1.2 1e-08
2 -0.8 3 1e-08
2 -1.1 0.4 1e-08
2 -2.6 0.1 1e-08
2 -2.4 -1.3 1e-08
2 -1.7 -1.6 1e-08
2 1 2.2 1e-08
2 0 -1.2 1e-08
2 0.2 -2.3 1e-08
2 0.3 0.2 1e-08
2 0.5 -3 1e-08
2 1.9 -2.9 1e-08
2 -0.9 -2.9 1e-08
2 -0.1 0.5 1e-08
2 2 2.1 1e-08
2 2.6 1.7 1e-08
2 1.7 -0.8 1e-08
2 1.1 -1.7 1e-08
2 0.9 -0.2 1e-08
2 0.9 1.3 1e-08
2 -0.4 1.6 1e-08
2 -1.4 -0.7 1e-08
2 0.4 -2.6 1e-08
2 -2.8 -0.9 1e-08
2 0.7 1.3 1e-08
2 0.5 -1.6 1e-08
2 -2.7 0.8 1e-08
2 1.3 2.1 1e-08
2 -1.9 0.7 1e-08
2 2 -0.8 1e-08
2 2.2 -1.8 1e-08
2 1.2 0.4 1e-08
2 -1.9 2 1e-08
2 2.7 -0.8 1e-08
2 -2.2 -1 1e-08
2 1.2 -0.6 1e-08
2 1 1.1 1e-08
2 -0.4 0.4 1e-08
2 1.2 -3 1e-08
2 1 1.4 1e-08
2 0 -0.4 1e-08
2 0.3 -2.5 1e-08
2 -0.1 -3.1 1e-08
2 0.4 1.4 1e-08
2 -0.1 1.4 1e-08
2 1.4 -1.5 1e-08
2 2.8 -2.4 1e-08
2 -1.3 -2.1 1e-08
2 -2.9 -3 1e-08
2 -1.2 -1.2 1e-08
2 -0.3 2.4 1e-08
2 0 0.8 1e-08
2 -0.3 1.8 1e-08
2 0.2 -0.1 1e-08
2 -0.1 -0.4 1e-08
2 -1.4 2.9 1e-08
2 -1.4 -0.4 1e-08
2 -0.3 -0.2 1e-08
2 -2.3 -0.2 1e-08
2 -1.7 3.1 1e-08
2 3 1.7 1e-08
2 2.4 2.4 1e-08
2 -2.9 -2.4 1e-08
2 -0.4 -1.9 1e-08
2 2.3 -3 1e-08
2 -2 2.2 1e-08
2 1.5 0 1e-08
2 1.7 1.7 1e-08
2 -0.8 -0.7 1e-08
2 1 2.1 1e-08
2 2.5 -2.3 1e-08
2 0.6 0 1e-08
2 -1.2 -0.7 1e-08
2 -0.3 -2.8 1e-08
2 2.3 1 1e-08
2 -2.8 -1.7 1e-08
2 0.5 -3.1 1e-08
2 2.1 1.8 1e-08
2 -0.9 -1.2 1e-08
2 2.8 0.5 1e-08
2 -0.5 2.6 1e-08
2 0.6 -2.4 1e-08
2 -0.1 -2.4 1e-08
2 -0.8 -2.5 1e-08
2 -2.4 -3.1 1e-08
2 0.3 -0.8 1e-08
2 0.9 1.5 1e-08
2 -3 -0.1 1e-08
2 1 3.1 1e-08
2 1.1 -1.3 1e-08
2 -0.9 -0.6 1e-08
2 -0.7 -2.9 1e-08
2 1.2 0 1e-08
2 0.1 -1.5 1e-08
2 -0.7 0.7 1e-08
2 2.7 2.6 1e-08
2 -2.7 -3.1 1e-08
2 2.5 0.6 1e-08
2 -2.8 -1.6 1e-08
2 -1.6 0.9 1e-08
2 -0.6 2.4 1e-08
2 -2.8 -0.3 1e-08
2 1.3 2.2 1e-08
2 -2.1 -1.2 1e-08
2 -0.9 -2.5 1e-08
2 -0.3 -0.3 1e-08
2 -2.9 2.7 1e-08
2 -2.1 1.8 1e-08
2 -2.6 -1.9 1e-08
2 -0.3 2.9 1e-08
2 -0.5 1.2 1e-08
2 -2.2 2.5 1e-08
2 1.3 0.9 1e-08
2 2.2 1.1 1e-08
2 0.5 2.8 1e-08
2 0.3 1 1e-08
2 -1 -0.4 1e-08
2 -2.8 2 1e-08
2 -1 1 1e-08
2 1.2 -2.8 1e-08
2 1.3 1 1e-08
2 -1.4 1.7 1e-08
2 -1.1 -1.6 1e-08
2 0.4 -2.5 1e-08
2 -2.8 -0.5 1e-08
2 0.3 1.5 1e-08
2 1.1 -2.2 1e-08
2 -0.7 -1.9 1e-08
2 -1.7 0.9 1e-08
2 -1.9 -0.8 1e-08
2 3 -2 1e-08
2 1 0.7 1e-08
2 2.6 -0.1 1e-08
2 1.4 2.4 1e-08
2 2.8 -0.6 1e-08
2 -2.6 -2.9 1e-08
2 1.4 0.7 1e-08
2 -1.1 -2.7 1e-08
2 -2.8 -0.4 1e-08
2 2.7 0.4 1e-08
2 0.1 2.3 1e-08
2 -1.6 1.1 1e-08
2 0.6 -2.5 1e-08
2 2.9 -2.7 1e-08
2 -2.8 1.4 1e-08
2 -1.1 1.1 1e-08
2 2.5 0.8 1e-08
2 -2.9 -1.4 1e-08
2 2.5 1.8 1e-08
2 2 0.9 1e-08
2 3 -2.4 1e-08
2 2.5 0.6 1e-08
2 -2.8 -0.5 1e-08
2 0.4 1.6 1e-08
2 -1.1 -1.4 1e-08
2 -0.9 0 1e-08
2 0.8 1.8 1e-08
2 0.8 -0.9 1e-08
3 -0.4 -2.6 114.648
3 -0.5 -2.6 97.5863
3 -0.5 -2.9 17.2815
3 -0.6 -2.7 43.6491
3 -0.4 -2.7 1.74146
3 -0.1 -2.9 37.4939
3 -0.3 -2.7 35.6998
3 -0.6 -2.6 51.8056
3 -0.6 -2.8 24.7986
3 -0.4 -2.8 51.3032
3 -0.7 -2.7 17.4074
3 -0.3 -2.9 53.6324
3 -0.5 -2.7 42.5068
3 -0.5 -2.5 54.9047
3 -0.4 -2.2 95.3541
3 -0.5 -2.8 25.375
3 -0.3 -2.5 16.4352
3 -0.4 -3.1 66.8831
3 -0.2 -2.6 18.2723
3 -0.2 -2.8 42.3424
3 -0.7 -2.4 31.6241
3 -0.7 -3 39.0204
3 -0.8 -2.7 36.4447
3 -0.3 -2.6 23.2725
3 -0.7 -2.8 40.8666
3 -0.1 -2.3 97.6944
3 0 -2.4 103.944
3 -0.1 -2.5 61.8476
3 -0.2 -2.3 20.049
3 0 -2.3 3.25329
3 0.1 -2.3 42.4691
3 0 -2 18.9545
3 -0.1 -2.1 37.8258
3 0.1 -2.5 50.3683
3 -0.2 -2.4 38.457
3 -0.3 -2.3 60.6387
3 -0.4 -2.3 19.7924
3 0 -1.9 36.8719
3 -0.5 -2.1 1.18817
3 0 -2.2 89.667
3 -0.1 -2.2 10.4221
3 0.2 -2.2 52.5
3 0.2 -2.4 35.7185
3 0.4 -2.3 25.6403
3 0 -2.1 31.7905
3 -0.1 -2 31.0013
3 -0.1 -2.6 41.588
3 0.1 -2.1 49.3127
3 -0.4 -2.4 55.8615
3 -0.2 -2 27.9577
3 0.2 -2.3 41.2118
3 0.1 -2.2 83.4956
3 0 -2.8 56.6905
3 -0.7 -2.2 47.058
3 2.2 -1.4 1e-08
3 0.8 -1.9 1e-08
3 -0.4 -0.8 1e-08
3 -1.3 -2.1 1e-08
3 -0.3 -1.1 1e-08
3 0.7 -1.7 1e-08
3 -0.7 -0.9 1e-08
3 -1.8 1.2 1e-08
3 -2.8 0.9 1e-08
3 -1.9 1.4 1e-08
3 0.8 0.6 1e-08
3 1.5 1.5 1e-08
3 -0.8 -0.3 1e-08
3 2.1 1 1e-08
3 -2.9 2.4 1e-08
3 2.5 -1.7 1e-08
3 -1.8 0 1e-08
3 1.9 0.6 1e-08
3 2.3 -0.5 1e-08
3 0.7 0.3 1e-08
3 0.3 1.5 1e-08
3 -2.4 -2.6 1e-08
3 0.8 3.1 1e-08
3 -1.9 -1.3 1e-08
3 -1.3 -2.2 1e-08
3 2.3 -2.1 1e-08
3 0.4 -0.8 1e-08
3 2.7 1 1e-08
3 2.1 0.6 1e-08
3 -2.9 0.6 1e-08
3 -2.3 -2.2 1e-08
3 -1.2 -2.5 1e-08
3 1.7 0.9 1e-08
3 2.9 1 1e-08
3 1.8 -1 1e-08
3 -2.3 -2.9 1e-08
3 3 1.3 1e-08
3 -0.1 -0.3 1e-08
3 -0.5 -0.4 1e-08
3 2 0.2 1e-08
3 -1.2 1.4 1e-08
3 0.9 1.9 1e-08
3 2.3 -0.2 1e-08
3 2.2 -0.5 1e-08
3 2.2 2.8 1e-08
3 0.8 2.2 1e-08
3 -2.5 2.8 1e-08
3 -2.9 -0.5 1e-08
3 0.8 1.8 1e-08
3 -1.7 1 1e-08
3 -1.6 0 1e-08
3 0.7 2 1e-08
3 0.6 1 1e-08
3 0.8 -1.3 1e-08
3 -1.6 2.3 1e-08
3 -2 0.6 1e-08
3 2.7 0 1e-08
3 -1.1 2.2 1e-08
3 -1.5 1.5 1e-08
3 2.8 1.8 1e-08
3 1.1 2.6 1e-08
3 0.2 -2 1e-08
3 1.8 1 1e-08
3 2.2 -0.1 1e-08
3 2.3 0.7 1e-08
3 1.9 0.8 1e-08
3 -1.7 -0.2 1e-08
3 -2.3 0.9 1e-08
3 2.9 -1.4 1e-08
3 2.9 0.3 1e-08
3 0.9 2.1 1e-08
3 -0.6 2.7 1e-08
3 -2.6 0.4 1e-08
3 -2.1 2.5 1e-08
3 -0.9 -1.5 1e-08
3 0.6 -1.3 1e-08
3 2.3 -1.6 1e-08
3 2.4 1.8 1e-08
3 0.4 -1.5 1e-08
3 -0.3 -0.5 1e-08
3 0.3 1.6 1e-08
3 2.7 -0.9 1e-08
3 0 1.7 1e-08
3 1.6 1.5 1e-08
3 -1.1 -2.1 1e-08
3 2.6 -2.6 1e-08
3 1 -1.2 1e-08
3 2.1 2.9 1e-08
3 0 -2.7 1e-08
3 1.7 -1.8 1e-08
3 1.1 1.5 1e-08
3 -0.8 0.9 1e-08
3 2.6 3 1e-08
3 2.4 0.1 1e-08
3 -2.3 0.8 1e-08
3 -2.1 3.1 1e-08
3 2.8 -1.3 1e-08
3 -0.9 0 1e-08
3 -0.3 2.9 1e-08
3 -2.2 -0.9 1e-08
3 -1.1 -2.5 1e-08
3 1 -1.8 1e-08
3 1.5 -0.5 1e-08
3 1.3 -1.2 1e-08
3 -0.7 -2.4 1e-08
3 0.4 2.6 1e-08
3 2.1 1.1 1e-08
3 -0.9 1.1 1e-08
3 -1.7 -1.5 1e-08
3 0.7 -0.5 1e-08
3 2.4 1.1 1e-08
3 0.7 -2.8 1e-08
3 -0.2 3.1 1e-08
3 0.1 2.8 1e-08
3 1.1 -1.1 1e-08
3 1 0.5 1e-08
3 -0.2 3.1 1e-08
3 0.1 0.1 1e-08
3 -2.5 2.5 1e-08
3 -2.8 -1.1 1e-08
3 2.3 2.2 1e-08
3 0.3 1.7 1e-08
3 1.1 -2.6 1e-08
3 1.3 0.1 1e-08
3 -2.8 -2.9 1e-08
3 -0.3 -1.9 1e-08
3 -1.8 -1.9 1e-08
3 -1.5 -0.8 1e-08
3 -0.9 -2 1e-08
3 -1.6 1.3 1e-08
3 -0.4 -1 1e-08
3 2.6 -1 1e-08
3 -2.4 2.6 1e-08
3 2.5 -2.7 1e-08
3 -2 2.1 1e-08
3 1.2 2.9 1e-08
3 -0.2 -0.9 1e-08
3 -2.7 0.6 1e-08
3 0.3 -1.9 1e-08
3 0.1 -0.9 1e-08
3 0.6 -0.2 1e-08
3 2.5 -1.4 1e-08
3 -1.7 0 1e-08
3 -1.1 0.9 1e-08
3 -1.5 1 1e-08
3 1.6 -0.3 1e-08
3 2.8 -1.4 1e-08
3 0.1 -3 1e-08
3 1.5 -2.1 1e-08
3 2.6 0.3 1e-08
3 0.5 -2 1e-08
3 2.1 2.7 1e-08
3 -2.1 0.5 1e-08
3 -2.2 1.7 1e-08
3 -2 -2.4 1e-08
3 1.2 -1.5 1e-08
3 3 -1.2 1e-08
3 -2.1 1.1 1e-08
3 2 1.4 1e-08
3 1.3 1 1e-08
3 0.5 0.3 1e-08
3 3 -0.8 1e-08
3 2.7 1.8 1e-08
3 -2.4 -2.8 1e-08
3 -2.3 -2.8 1e-08
3 2.8 0.2 1e-08
3 1.9 -2.5 1e-08
3 2 -2.2 1e-08
3 1 0.4 1e-08
3 -0.4 1.8 1e-08
3 0.7 1.9 1e-08
3 2.4 2.6 1e-08
3 2 2 1e-08
3 -0.6 -2.1 1e-08
3 1.5 -0.5 1e-08
3 2.4 1.6 1e-08
3 2.8 1 1e-08
3 -2.1 1.9 1e-08
3 1.8 -1.9 1e-08
3 2.8 0.2 1e-08
3 1.1 -1.7 1e-08
3 -1.1 1 1e-08
3 1.4 0.6 1e-08
3 2.7 -0.3 1e-08
3 -0.1 0.9 1e-08
3 1 -2.6 1e-08
3 1.8 1.7 1e-08
3 -0.4 0.5 1e-08
3 -1.6 0 1e-08
3 2.7 -1.2 1e-08
3 1.3 -0.2 1e-08
3 0.5 -0.5 1e-08
3 -2.7 2.3 1e-08
3 -1.9 1.3 1e-08
3 -2 -0.5 1e-08
3 2.9 0.6 1e-08
3 1.6 -0.8 1e-08
3 -0.1 -1.5 1e-08
3 -1.5 -2 1e-08
3 2.5 2.3 1e-08
3 2.5 2 1e-08
3 1.1 -0.2 1e-08
3 2.6 -1.7 1e-08
3 -0.6 -0.8 1e-08
3 0.8 -2.5 1e-08
3 -2.4 2.8 1e-08
3 -2.5 0.3 1e-08
3 2.5 -1.5 1e-08
3 -1.6 2.2 1e-08
3 2.6 0.5 1e-08
3 -0.3 -1.3 1e-08
3 -1.9 1.4 1e-08
3 -1.5 0.2 1e-08
3 -1.9 -0.6 1e-08
3 2.2 2.6 1e-08
3 -1.4 0 1e-08
3 1.9 -2.7 1e-08
3 1.7 0.2 1e-08
3 1 2.5 1e-08
3 0.9 -2.3 1e-08
3 1 2.7 1e-08
3 -2.3 -0.6 1e-08
3 2.2 0.5 1e-08
3 -1.5 1.1 1e-08
3 0.7 -1.2 1e-08
3 2.1 0.2 1e-08
3 2.9 3 1e-08
3 3 1.8 1e-08
3 1.5 0 1e-08
3 2 2.1 1e-08
3 1.7 0.7 1e-08
3 -1.8 -2.8 1e-08
3 -1.5 1.8 1e-08
3 2.3 -1.9 1e-08
3 1.7 -2.2 1e-08
3 -1.9 -1.7 1e-08
3 -2.7 -0.4 1e-08
3 1.3 1.7 1e-08
3 -1.6 2.7 1e-08
3 -2.6 0.7 1e-08
3 -2.9 1.8 1e-08
3 -1.7 -0.9 1e-08
3 -2.4 0.9 1e-08
3 0.6 2 1e-08
3 -2.6 -1.6 1e-08
3 -0.5 -1.1 1e-08
3 0.2 -0.7 1e-08
3 2.5 -1.9 1e-08
3 -0.9 -1.3 1e-08
3 1.8 0.4 1e-08
3 -1.4 -3 1e-08
3 -2.7 1.6 1e-08
3 2.2 2.3 1e-08
3 0.6 -1.7 1e-08
3 1 0.4 1e-08
3 1.4 -0.6 1e-08
3 -1.3 -0.9 1e-08
3 0 -0.7 1e-08
3 -1.1 -1.2 1e-08
3 0 3.1 1e-08
3 0.1 -0.4 1e-08
3 2.3 1.7 1e-08
3 0.4 -0.3 1e-08
3 -2.2 0.2 1e-08
3 -0.4 -1.2 1e-08
3 1.7 1.8 1e-08
3 -0.4 2.8 1e-08
3 2.6 1 1e-08
3 -2.6 -1 1e-08
3 0.6 2 1e-08
3 -0.5 -1.8 1e-08
3 2 -1.2 1e-08
3 -0.6 -1.8 1e-08
3 0.9 2.6 1e-08
3 -0.3 -1.8 1e-08
3 1.3 0.3 1e-08
3 -1.9 3 1e-08
3 -0.2 1.4 1e-08
3 2.8 1.6 1e-08
3 2.7 -3 1e-08
3 0.9 -2.2 1e-08
3 -0.7 -0.6 1e-08
3 1.5 -1.8 1e-08
3 -2.8 -2.1 1e-08
3 3 -2.3 1e-08
3 -0.3 -0.2 1e-08
3 -0.1 2.7 1e-08
3 -1 -2 1e-08
3 0.4 -0.2 1e-08
3 1.7 0.4 1e-08
3 0.6 -0.1 1e-08
3 1.7 1.4 1e-08
3 0.4 0.1 1e-08
3 2.3 -2.5 1e-08
3 0 2.1 1e-08
3 2.6 -1.1 1e-08
3 -0.3 2.7 1e-08
3 0 -3 1e-08
3 2.7 -1.5 1e-08
3 1.1 0.2 1e-08
3 2.6 3 1e-08
3 2.8 0.1 1e-08
3 2 2.1 1e-08
3 -2.5 -1 1e-08
3 -2.2 -0.9 1e-08
3 -2.8 -0.9 1e-08
3 1.7 0.4 1e-08
3 0.7 -1.8 1e-08
3 0.4 0 1e-08
3 0.6 -0.5 1e-08
3 -0.1 0 1e-08
3 -0.3 2.3 1e-08
3 0.2 -0.5 1e-08
3 -1.1 -2.4 1e-08
3 -2.6 0.2 1e-08
3 -1.7 1.2 1e-08
3 0.6 1.7 1e-08
3 1.1 -1.2 1e-08
3 -2.3 -1.8 1e-08
3 2.4 0 1e-08
3 0 2.8 1e-08
3 -2 1.9 1e-08
3 2.6 -0.4 1e-08
3 -1.6 2.6 1e-08
3 -1.2 3 1e-08
3 2.8 -1.3 1e-08
3 -1.9 2.5 1e-08
3 0.8 1.9 1e-08
3 1.1 1.1 1e-08
3 2.3 -1.4 1e-08
3 1.1 1.2 1e-08
3 -1.4 1 1e-08
3 1.3 -1 1e-08
3 -1.3 -2.3 1e-08
3 -1.8 -2.3 1e-08
3 -0.9 -2.9 1e-08
3 2.9 1.6 1e-08
3 -0.2 -2.2 1e-08
3 -1 2 1e-08
3 0.5 0.8 1e-08
3 -1.4 2.8 1e-08
3 -0.8 2.4 1e-08
3 1.2 2 1e-08
3 -0.5 1.6 1e-08
3 -2.6 -2.9 1e-08
3 1.1 0.2 1e-08
3 1.9 2.9 1e-08
3 0.9 2.6 1e-08
3 2.7 -1.9 1e-08
3 -0.7 -2.1 1e-08
3 0 0 1e-08
3 2.3 -2.2 1e-08
3 -1.9 -2.1 1e-08
3 1.8 -1.9 1e-08
3 2.4 -2.3 1e-08
3 0.5 3 1e-08
3 0.1 1.1 1e-08
3 2 1 1e-08
3 0.1 1.4 1e-08
3 -1.4 -1 1e-08
3 1.3 0.6 1e-08
3 2.5 0.9 1e-08
3 1.3 -1 1e-08
3 -1.1 -3 1e-08
3 -1.4 2.9 1e-08
3 0.6 -2.4 1e-08
3 -1.2 1.5 1e-08
3 2.6 1 1e-08
3 0.8 -1.6 1e-08
3 1.2 2.5 1e-08
3 0.2 0.1 1e-08
3 -1.1 -2 1e-08
3 -1.1 -0.6 1e-08
3 1.5 -0.6 1e-08
3 -1.5 3 1e-08
3 3 3 1e-08
3 -2.4 -1.6 1e-08
3 1.4 3.1 1e-08
3 0 2 1e-08
3 0.5 -1.6 1e-08
3 -1.2 2.4 1e-08
3 -2.2 2.2 1e-08
3 -1.8 0 1e-08
3 -1.3 2.7 1e-08
3 0.6 2.4 1e-08
3 0.7 -2.4 1e-08
3 1.9 -2.2 1e-08
3 2 -0.5 1e-08
3 0.2 2.9 1e-08
3 2.3 2.3 1e-08
3 1.8 0.8 1e-08
3 -1.2 2.4 1e-08
3 -2.8 1.5 1e-08
3 2 -2 1e-08
3 -2.2 0.5 1e-08
3 2.3 -1 1e-08
3 0 -1.4 1e-08
3 0 -0.5 1e-08
3 1.6 -0.3 1e-08
3 0.3 2.9 1e-08
3 -0.8 -2.1 1e-08
3 1 0 1e-08
3 1 -1.2 1e-08
3 -2.7 -1.4 1e-08
3 0.5 0.7 1e-08
3 0 0.3 1e-08
3 -1.6 0.9 1e-08
3 0.8 -1 1e-08
3 0.4 2.5 1e-08
3 1.5 0.5 1e-08
3 0.1 3.1 1e-08
3 -2.5 1.7 1e-08
3 2 -0.3 1e-08
3 1.3 1.1 1e-08
3 -2.7 -1.6 1e-08
3 -2.6 0.4 1e-08
3 -2.7 -1.2 1e-08
3 -2.2 2.2 1e-08
3 -0.4 1.3 1e-08
3 0.6 2.8 1e-08
3 -1.5 -0.8 1e-08
3 -0.2 0.5 1e-08
3 0.7 -2.2 1e-08
3 -0.2 -0.5 1e-08
3 -1.2 2.1 1e-08
3 1.1 0.8 1e-08
3 1.6 -1.1 1e-08
3 2.5 -1.3 1e-08
3 3 2.1 1e-08
3 -0.1 -1.7 1e-08
3 1.3 -0.5 1e-08
3 -1.3 -2.3 1e-08
3 -1.2 2.2 1e-08
3 2.9 -2.7 1e-08
3 -1.5 -2 1e-08
3 1.1 1.4 1e-08
3 2.2 -0.4 1e-08
3 -0.3 0.1 1e-08
3 0.8 -2.1 1e-08
3 -1 0.7 1e-08
3 1 -2.6 1e-08
3 -1.8 1.7 1e-08
3 -1.2 -2.3 1e-08
3 -0.2 -1.1 1e-08
3 0 -0.5 1e-08
3 2.2 1.7 1e-08
3 -0.1 2.6 1e-08
3 -1 -1 1e-08
3 -1.7 -0.3 1e-08
3 -1.5 2.6 1e-08
3 0.8 0.5 1e-08
3 -2.9 3.1 1e-08
3 -0.9 3 1e-08
3 -0.5 2.5 1e-08
3 -2 2.7 1e-08
3 -2.9 -0.9 1e-08
3 -1.7 -1.4 1e-08
3 1.6 1.6 1e-08
3 2.8 1.6 1e-08
3 1.1 2.9 1e-08
3 0.5 0 1e-08
3 0.9 -2.1 1e-08
3 -2 1.8 1e-08
3 0.9 -2.2 1e-08
3 -0.1 2.2 1e-08
3 1.6 -0.3 1e-08
3 2.8 2.9 1e-08
3 -0.5 2.7 1e-08
3 -0.6 1.2 1e-08
3 -1.1 0.7 1e-08
3 -1.2 -1.4 1e-08
3 2.3 2 1e-08
3 -1 -0.6 1e-08
3 0.8 1.4 1e-08
3 0.6 1.2 1e-08
3 1.4 1.8 1e-08
3 2.2 -2.3 1e-08
3 -1.2 -1.3 1e-08
3 -1.2 -1.4 1e-08
3 -1.4 -0.6 1e-08
3 1.2 0.5 1e-08
3 1.3 -0.9 1e-08
3 1.9 -1.9 1e-08
3 3 -2.1 1e-08
3 2.1 3.1 1e-08
3 0.8 -1.6 1e-08
3 -1.8 3 1e-08
3 1.9 1.3 1e-08
3 1.2 -2.3 1e-08
3 -0.5 1.9 1e-08
3 2.3 1.1 1e-08
3 -1 -0.8 1e-08
3 -1.4 2.7 1e-08
3 -2.8 2.2 1e-08
3 -0.8 -0.4 1e-08
3 2.1 -2.5 1e-08
3 0.2 1.5 1e-08
3 0.4 0 1e-08
3 1.1 2.7 1e-08
3 1.5 -1.2 1e-08
3 1.8 -2 1e-08
3 -0.4 1.5 1e-08
3 -2.1 -1.2 1e-08
3 -1 0.1 1e-08
3 0.6 0 1e-08
3 -1 -2.6 1e-08
3 2 -0.7 1e-08
3 1.9 -0.3 1e-08
3 2.7 -2.8 1e-08
3 0.9 -0.5 1e-08
3 0.8 -1.5 1e-08
3 2.6 -0.6 1e-08
3 -0.9 -0.4 1e-08
3 0.4 -2.5 1e-08
3 -1.9 2.4 1e-08
3 0.9 3.1 1e-08
3 0.6 3 1e-08
3 1.3 -0.7 1e-08
3 1.3 1.2 1e-08
3 2.9 2.4 1e-08
3 1.3 -1.5 1e-08
3 0.9 -2.3 1e-08
3 -1.3 0.8 1e-08
3 2.1 0.7 1e-08
3 1.8 0.5 1e-08
3 -1.1 -1.8 1e-08
3 1 -2.1 1e-08
3 1.1 -2.9 1e-08
3 2.2 0.2 1e-08
3 -2.6 -0.3 1e-08
3 0.9 -1 1e-08
3 -1.6 0.1 1e-08
3 0.3 1.8 1e-08
3 1.4 -3 1e-08
3 1.9 1.9 1e-08
3 -0.1 2.4 1e-08
3 2.2 -0.9 1e-08
3 2.3 -2.2 1e-08
3 -2.4 -2.4 1e-08
3 2.5 1.1 1e-08
3 -1.5 0.3 1e-08
3 0.2 -2.8 1e-08
3 -2.8 1.9 1e-08
3 -0.7 0 1e-08
3 -0.1 -2.7 1e-08
3 -0.5 1 1e-08
3 -0.3 0 1e-08
3 1.9 -0.6 1e-08
3 1.9 0.1 1e-08
3 0.9 -2.4 1e-08
3 -0.5 1.5 1e-08
3 -1 2.9 1e-08
3 -1 1.1 1e-08
3 1.6 -1 1e-08
3 1.9 -1.4 1e-08
3 1.7 1.4 1e-08
3 -2.6 0.7 1e-08
3 0.6 2.6 1e-08
3 0.2 -0.3 1e-08
3 2.4 -0.2 1e-08
3 -1.1 2.4 1e-08
3 -2.4 3 1e-08
3 -2.3 -3 1e-08
3 0.8 1.3 1e-08
3 -2.4 1.6 1e-08
3 2.5 1.3 1e-08
3 -1.2 3.1 1e-08
3 2.5 -0.5 1e-08
3 -1 -1.1 1e-08
3 -2.1 -0.4 1e-08
3 0.5 2.1 1e-08
3 -0.9 0.6 1e-08
3 0.1 0.9 1e-08
3 1.6 2.1 1e-08
3 2.8 0.7 1e-08
3 0.8 2.5 1e-08
3 -1.6 -0.5 1e-08
3 1.4 2.2 1e-08
3 0.1 1 1e-08
3 -0.4 1.9 1e-08
3 -1.8 2.7 1e-08
3 1.8 -2.9 1e-08
3 -0.1 2.4 1e-08
3 -2.7 1.2 1e-08
3 -1.2 -2.3 1e-08
3 0 0.5 1e-08
3 0.8 -1 1e-08
3 1.2 3 1e-08
3 1.2 -2.2 1e-08
3 -1.6 -0.4 1e-08
3 1.5 -1.9 1e-08
3 -2.9 -1 1e-08
3 -2.7 2.1 1e-08
3 1.2 0.9 1e-08
3 2.2 2.2 1e-08
3 -1.6 2.3 1e-08
3 -0.9 2.3 1e-08
3 -1.9 -2.8 1e-08
3 1.4 -1 1e-08
3 1.2 0.7 1e-08
3 1.1 -0.3 1e-08
3 0.2 2.9 1e-08
3 -2.1 3.1 1e-08
3 1.2 -2.8 1e-08
3 2 -1.3 1e-08
3 2.1 -0.9 1e-08
3 -0.6 0.6 1e-08
3 0.4 0.1 1e-08
3 -2.7 2.7 1e-08
3 -0.8 -2.3 1e-08
3 -1.2 -0.2 1e-08
3 1.1 0.4 1e-08
3 0.8 0 1e-08
3 0.6 0.3 1e-08
3 0.3 -0.9 1e-08
3 0.1 -2.3 1e-08
3 1 2.9 1e-08
3 -2 2.7 1e-08
3 2.9 -2.2 1e-08
3 3 -1.3 1e-08
3 2.4 -2.4 1e-08
3 -2.3 0.4 1e-08
3 1.6 2.7 1e-08
3 3 -1.1 1e-08
3 0.7 -1.5 1e-08
3 -1.4 -0.3 1e-08
3 -2.1 -3 1e-08
3 -1.2 -1 1e-08
3 2.4 1.3 1e-08
3 -1.5 1.1 1e-08
3 -0.1 -1.8 1e-08
3 -1.7 2.5 1e-08
3 0.8 3.1 1e-08
3 2.7 -1 1e-08
3 0.1 0.2 1e-08
3 -0.9 3 1e-08
3 -0.1 0 1e-08
3 2.9 2.7 1e-08
3 0 0.6 1e-08
3 2.4 -0.9 1e-08
3 -0.8 1.5 1e-08
3 0.7 -0.7 1e-08
3 -0.1 0.7 1e-08
3 -0.7 -2 1e-08
3 -1.5 0.8 1e-08
3 -0.2 -0.9 1e-08
3 1.9 -2.9 1e-08
3 -2.6 -2.5 1e-08
3 0.2 -1.3 1e-08
3 3 2.5 1e-08
3 1.3 -1.8 1e-08
3 -1.5 0.3 1e-08
3 2.2 2 1e-08
3 2 3.1 1e-08
3 1.7 -0.3 1e-08
3 -1.7 0 1e-08
3 -2 2.2 1e-08
3 -0.8 0.3 1e-08
3 -1.1 3.1 1e-08
3 -1.3 0.9 1e-08
3 2.7 -0.7 1e-08
3 2.6 1.5 1e-08
3 1.6 -1.4 1e-08
3 3 -2.2 1e-08
3 2.2 -2.2 1e-08
3 2.6 0.1 1e-08
3 0.9 -1.8 1e-08
3 1.1 2.4 1e-08
3 -0.2 1.9 1e-08
3 -1 -1.2 1e-08
3 1.8 -1.9 1e-08
3 -1.2 -2 1e-08
3 0.2 0.5 1e-08
3 0.4 -1.5 1e-08
3 2.5 -1.7 1e-08
3 1 0.1 1e-08
3 0 -0.9 1e-08
3 0.5 1.7 1e-08
3 0.3 2.1 1e-08
3 0.5 3 1e-08
3 -0.6 1 1e-08
3 -1.3 -0.1 1e-08
3 3 1.8 1e-08
3 0.1 0.6 1e-08
3 -1.2 2.3 1e-08
3 2.4 -2.4 1e-08
3 -1.5 -2.7 1e-08
3 -0.4 1.8 1e-08
3 2.2 0.2 1e-08
3 2.9 -0.9 1e-08
3 1.3 -1.1 1e-08
3 1.3 -3 1e-08
3 -2.3 3 1e-08
3 -2.8 -2.7 1e-08
3 2.6 2.3 1e-08
3 -2.7 2.7 1e-08
3 -2.9 0 1e-08
3 -1.6 -2.2 1e-08
3 1 -2 1e-08
3 1.6 -1.1 1e-08
3 1.2 -1.6 1e-08
3 1.4 -2.1 1e-08
3 -2.5 -1.1 1e-08
3 2.3 -2.9 1e-08
3 -0.7 1 1e-08
3 0.6 3.1 1e-08
3 0.3 -0.9 1e-08
3 -1.1 -0.3 1e-08
3 0.3 0.8 1e-08
3 0.2 -2.9 1e-08
3 0.6 -0.1 1e-08
3 0.2 -2.8 1e-08
3 0.5 0.3 1e-08
3 2.8 -0.8 1e-08
3 0.2 -0.6 1e-08
3 2.8 0.3 1e-08
3 0.3 1.5 1e-08
3 -1.4 -0.9 1e-08
3 -2 0.6 1e-08
3 2.8 -0.3 1e-08
3 1.4 0.6 1e-08
3 -0.7 -0.1 1e-08
3 -1.7 -0.5 1e-08
3 2.3 -0.8 1e-08
3 2.9 -1 1e-08
3 -0.8 -2.9 1e-08
3 0.4 -2.1 1e-08
3 -0.2 0.9 1e-08
3 -2 -0.3 1e-08
3 -1.3 0 1e-08
3 0.2 1.3 1e-08
3 -2.8 0.1 1e-08
3 -2.1 -2.5 1e-08
3 -2.1 2.7 1e-08
3 3 0 1e-08
3 1.8 -1.3 1e-08
3 -2.9 -0.3 1e-08
3 1.4 3 1e-08
3 2.6 0.9 1e-08
3 0.7 0.9 1e-08
3 0.3 0.7 1e-08
3 3 1.9 1e-08
3 1.5 2.4 1e-08
3 1.7 -2.7 1e-08
3 -0.7 -2 1e-08
3 -0.1 -0.7 1e-08
3 2.4 0.7 1e-08
3 -2.1 -2.9 1e-08
3 1.5 0.4 1e-08
3 3 0.3 1e-08
3 1.4 1.4 1e-08
3 1.6 2 1e-08
3 2.1 -1.6 1e-08
3 2.6 -2 1e-08
3 -1.1 -1.1 1e-08
3 1.2 0.5 1e-08
3 2.8 2.7 1e-08
3 2.8 -1.9 1e-08
3 1.1 1.6 1e-08
3 -0.6 -2.5 1e-08
3 0.6 -1.3 1e-08
3 1.4 1.9 1e-08
3 -1.9 2 1e-08
3 3 1 1e-08
3 -2.3 -1.4 1e-08
3 -0.7 -0.9 1e-08
3 1.3 2.9 1e-08
3 0.1 0.1 1e-08
3 -1.8 2.8 1e-08
3 -2.3 1.2 1e-08
3 -0.9 -0.1 1e-08
3 2.1 -0.2 1e-08
3 2.7 0.9 1e-08
3 -2.1 -3 1e-08
3 -1.3 -1.9 1e-08
3 -1.5 -0.2 1e-08
3 -0.2 0.8 1e-08
3 -0.6 -2.2 1e-08
3 0.1 -1.2 1e-08
3 -1.2 2.7 1e-08
3 -0.2 0.4 1e-08
3 -0.2 -1.7 1e-08
3 2.3 0.2 1e-08
3 0 -2.8 1e-08
3 -1.5 -0.8 1e-08
3 1.3 1.3 1e-08
3 1.5 -0.5 1e-08
3 -1.3 1 1e-08
3 0.3 2.3 1e-08
3 0.9 -0.4 1e-08
3 -1.4 2.3 1e-08
3 2.6 0.4 1e-08
3 -0.5 -2.3 1e-08
3 -0.6 2.6 1e-08
3 0.7 -2.3 1e-08
3 2.8 -3 1e-08
3 0.8 1.3 1e-08
3 0.7 2.7 1e-08
3 2.9 -1.6 1e-08
3 2.3 2.1 1e-08
3 -1.1 2.7 1e-08
3 0.8 2.8 1e-08
3 1 2.2 1e-08
3 0.9 1.1 1e-08
3 2.5 -1.6 1e-08
3 1.6 -1.1 1e-08
3 0.5 -1.3 1e-08
3 -1.6 -0.5 1e-08
3 2.3 2.9 1e-08
3 -2.3 -1 1e-08
3 2.4 1.2 1e-08
3 1.2 -1.5 1e-08
3 1.2 -2 1e-08
3 -2.4 3.1 1e-08
3 -0.8 -2.9 1e-08
3 -1.4 -2 1e-08
3 -2.4 -2.9 1e-08
3 1.2 2.9 1e-08
3 0.2 1 1e-08
3 0.6 -0.4 1e-08
3 -1.3 2.9 1e-08
3 2.2 -2.9 1e-08
3 -2.1 1.6 1e-08
3 1.2 -3 1e-08
3 2.8 -0.2 1e-08
3 2.2 -0.3 1e-08
3 -2.7 -2.7 1e-08
3 -0.9 -1.7 1e-08
3 0.9 2.6 1e-08
3 1.1 1.4 1e-08
3 -0.3 -0.7 1e-08
3 2.1 -2.4 1e-08
3 -1.2 -0.5 1e-08
3 2.6 -0.5 1e-08
3 -2.2 1.6 1e-08
3 0.5 -1.7 1e-08
3 0.3 0.3 1e-08
3 2.6 -1.4 1e-08
3 2.7 1.3 1e-08
3 0.3 -1.3 1e-08
3 3 -2.2 1e-08
3 1 0.2 1e-08
3 -2.5 0.6 1e-08
3 2.3 2 1e-08
3 0.3 -1.5 1e-08
3 -1.9 0.9 1e-08
3 0.7 0.3 1e-08
3 1.7 2.4 1e-08
3 0.2 1.7 1e-08
3 -1.8 0.3 1e-08
3 1.1 1.4 1e-08
3 -1.6 0.4 1e-08
3 -1 1.6 1e-08
3 -0.8 0.7 1e-08
3 -2.1 0.3 1e-08
3 -0.3 0.9 1e-08
3 1.4 2 1e-08
3 -0.7 2.3 1e-08
3 -1.8 1 1e-08
3 -2 2.5 1e-08
3 2.9 1.5 1e-08
3 -2.3 -1.7 1e-08
3 2.7 2.6 1e-08
3 -1.4 -1.2 1e-08
3 -1.7 3.1 1e-08
3 1.1 1.4 1e-08
3 1.5 -1.8 1e-08
3 -2.4 1.6 1e-08
3 0 -0.1 1e-08
3 -2.6 -1.4 1e-08
3 2.7 1.9 1e-08
3 1.2 2.5 1e-08
3 0.9 -1.6 1e-08
3 1.1 -1.4 1e-08
3 1.5 1.4 1e-08
3 -1.4 1.4 1e-08
3 1.7 1.4 1e-08
3 0.4 2 1e-08
3 2.5 1.4 1e-08
3 0 -0.3 1e-08
3 -1.1 0.8 1e-08
3 -1.5 1.7 1e-08
3 1.9 -0.9 1e-08
3 1.6 2.6 1e-08
3 0.3 0.5 1e-08
3 -2.5 -2.2 1e-08
3 1.2 2.2 1e-08
3 -1.7 -0.7 1e-08
3 1.8 2 1e-08
3 -0.7 -1.3 1e-08
3 -1.6 -0.6 1e-08
3 0.9 -1.2 1e-08
3 0.5 1 1e-08
3 3 2.5 1e-08
3 0.7 2.4 1e-08
3 -2.6 0.3 1e-08
3 0.9 0 1e-08
3 0.7 1.8 1e-08
4 1.9 -2.6 117.751
4 1.7 -2.6 74.0261
4 1.9 -2.3 26.569
4 1.7 -2.4 18.6751
4 1.9 -2.5 52.1336
4 2.1 -2.5 50.004
4 1.8 -2.4 84.1583
4 2.1 -2.6 26.9393
4 1.8 -2.6 15.7203
4 2 -2.5 50.3691
4 1.7 -2.3 27.2723
4 2 -2.6 41.4129
4 2.5 -2.4 59.8084
4 1.9 -2.2 5.99432
4 1.8 -2.7 31.3501
4 1.8 -2.2 62.4348
4 1.8 -2.3 49.9122
4 1.7 -2.7 43.4523
4 2.1 -2.3 19.611
4 1.5 -2.2 5.24886
4 2.4 -2.2 54.4385
4 2.1 -2.2 40.6717
4 2.2 -2.4 54.506
4 1.6 -2.4 38.9124
4 2 -2.2 51.3434
4 1.8 -2 48.7622
4 1.6 -2.2 45.911
4 1.7 -2 2.92873
4 2.3 -2.5 29.5345
4 2.3 -2 108.473
4 2.2 -2.1 121.307
4 2.4 -2.1 61.434
4 2.3 -2.2 65.0793
4 2.6 -2 22.4914
4 2.3 -2.1 72.8778
4 2.3 -1.9 35.3958
4 2.4 -1.7 1.83191
4 2.2 -2 28.9199
4 2.5 -2 60.482
4 2.2 -1.9 43.1311
4 2.5 -1.9 58.2704
4 2.5 -2.1 26.1246
4 2.5 -2.2 40.2664
4 2.7 -2 50.6328
4 2.3 -1.7 33.9473
4 2.5 -1.8 46.4766
4 2.2 -1.8 65.7669
4 2.1 -2 40.1545
4 2.4 -2 69.4425
4 1.8 -2.1 46.3744
4 2.5 -2.3 45.2622
4 2.1 -1.9 47.5755
4 2.2 -1.7 41.987
4 2.4 -1.9 72.7507
4 2.6 -1.9 46.4246
4 2.4 -1.8 15.9042
4 2.8 -1.8 1.5
4 -0.4 2.2 1e-08
4 2 1.6 1e-08
4 -1.3 -2.8 1e-08
4 1 -2.8 1e-08
4 -0.7 2.3 1e-08
4 1.1 -1.6 1e-08
4 -2.4 -2.2 1e-08
4 -1.5 2.7 1e-08
4 2.1 1.7 1e-08
4 2.4 1 1e-08
4 0.6 1 1e-08
4 -0.6 2.4 1e-08
4 -2.5 -2.9 1e-08
4 -0.7 1.8 1e-08
4 1.9 -2.1 1e-08
4 -2.7 -0.4 1e-08
4 2.8 -1.2 1e-08
4 0.8 1 1e-08
4 0.2 -1.8 1e-08
4 0.2 0.5 1e-08
4 0.6 -0.6 1e-08
4 0.3 2.1 1e-08
4 -2.6 2.8 1e-08
4 1.5 -1.7 1e-08
4 1.8 3.1 1e-08
4 -0.2 -1.4 1e-08
4 -2.1 0.9 1e-08
4 -3 0.9 1e-08
4 2.7 0.2 1e-08
4 -0.6 -2.6 1e-08
4 -0.6 -2.3 1e-08
4 1.4 -2.7 1e-08
4 0.2 -3 1e-08
4 0.9 3.1 1e-08
4 0.6 2.1 1e-08
4 -1 2.4 1e-08
4 1 0.5 1e-08
4 -2 -0.2 1e-08
4 2.3 2.6 1e-08
4 -2.3 -0.7 1e-08
4 -1.7 2.8 1e-08
4 -2.4 -1.4 1e-08
4 0.7 -2.6 1e-08
4 1.9 -1.6 1e-08
4 1.8 0.4 1e-08
4 -1.4 -2.5 1e-08
4 1.2 -2.7 1e-08
4 -0.8 -2.3 1e-08
4 0.5 -1 1e-08
4 -2 0.5 1e-08
4 -1.1 -2.8 1e-08
4 -1.2 2.4 1e-08
4 -1.6 2 1e-08
4 -2.3 0.8 1e-08
4 -0.1 1.3 1e-08
4 -0.9 1.9 1e-08
4 1.8 -1.2 1e-08
4 2.7 -0.3 1e-08
4 2.8 2.7 1e-08
4 0.8 -2.3 1e-08
4 -0.6 0.1 1e-08
4 -0.4 -2.3 1e-08
4 0.4 1.8 1e-08
4 2.9 2.5 1e-08
4 -2.1 2.7 1e-08
4 -0.9 -2.2 1e-08
4 -0.2 2.4 1e-08
4 0.1 3.1 1e-08
4 -1.7 -2.2 1e-08
4 -2.9 0.9 1e-08
4 0.2 2.3 1e-08
4 1 1.2 1e-08
4 2.2 1.9 1e-08
4 -1.7 -2.9 1e-08
4 -2.9 3.1 1e-08
4 -1.5 -2.3 1e-08
4 -0.5 -2.3 1e-08
4 0.7 -2.2 1e-08
4 2.4 -1.6 1e-08
4 2.4 -1.5 1e-08
4 0.7 2.4 1e-08
4 3 -3.1 1e-08
4 -1.7 0.6 1e-08
4 -1.1 1.5 1e-08
4 1.8 1.9 1e-08
4 1.9 -1.9 1e-08
4 -1.5 -1.7 1e-08
4 -1.7 2.6 1e-08
4 1.6 -0.5 1e-08
4 -0.1 0.3 1e-08
4 -0.9 0.8 1e-08
4 2.8 -1.5 1e-08
4 -2.6 -2.2 1e-08
4 -0.3 1.5 1e-08
4 -1.6 -2.5 1e-08
4 -2.5 0.3 1e-08
4 -1.1 -1.7 1e-08
4 -2.6 -1.2 1e-08
4 -0.4 2.6 1e-08
4 1.1 3 1e-08
4 -0.8 -2.4 1e-08
4 -1.4 2.1 1e-08
4 1 0.2 1e-08
4 -1.4 -1.5 1e-08
4 -2.4 -0.1 1e-08
4 1.9 2.8 1e-08
4 -0.6 0.9 1e-08
4 0.1 1 1e-08
4 -1.1 -0.2 1e-08
4 0.9 -0.9 1e-08
4 0.3 3.1 1e-08
4 -1.9 -0.8 1e-08
4 2.4 -2.7 1e-08
4 -1.1 -0.5 1e-08
4 1.3 -0.3 1e-08
4 2 -0.8 1e-08
4 2.7 -2.3 1e-08
4 -2.5 2.4 1e-08
4 -0.9 3 1e-08
4 1.9 0.9 1e-08
4 -0.5 -2.3 1e-08
4 -2.9 -0.1 1e-08
4 0.9 1.9 1e-08
4 1.5 -0.4 1e-08
4 -0.9 0.6 1e-08
4 -1.5 -1.9 1e-08
4 0.5 -2.8 1e-08
4 -0.7 -3.1 1e-08
4 -1.6 -0.3 1e-08
4 -2.9 -2.7 1e-08
4 -2.7 -1.1 1e-08
4 0.4 0 1e-08
4 -1.8 2.7 1e-08
4 -0.4 2 1e-08
4 -0.4 1.1 1e-08
4 -1.7 -0.8 1e-08
4 0.5 -2.9 1e-08
4 0.9 1.9 1e-08
4 -0.6 1.6 1e-08
4 1.8 -0.2 1e-08
4 2.1 0.4 1e-08
4 3 1.5 1e-08
4 1.2 -2.6 1e-08
4 -2.2 1.2 1e-08
4 1 -1.1 1e-08
4 -2.8 -2 1e-08
4 0.2 1.3 1e-08
4 -2.9 -2.5 1e-08
4 -0.3 -3.1 1e-08
4 0.4 1 1e-08
4 0.9 -0.6 1e-08
4 0.7 0.1 1e-08
4 2.5 1.5 1e-08
4 -2.8 -0.8 1e-08
4 2.1 -0.4 1e-08
4 -0.6 0.4 1e-08
4 -1.5 -3.1 1e-08
4 2.6 -3.1 1e-08
4 -0.5 -0.1 1e-08
4 -0.6 -2.3 1e-08
4 -0.8 -0.9 1e-08
4 3 -1.5 1e-08
4 -1.7 -2.9 1e-08
4 0.9 1 1e-08
4 2.7 -1.2 1e-08
4 1.8 -2.3 1e-08
4 1.5 -0.2 1e-08
4 -2 -0.3 1e-08
4 -0.9 -1.8 1e-08
4 2.4 -2.5 1e-08
4 1.7 -0.5 1e-08
4 -0.7 1.8 1e-08
4 -2.1 -0.7 1e-08
4 3 0.4 1e-08
4 -1.4 2.8 1e-08
4 -2.9 0 1e-08
4 -1.6 1.9 1e-08
4 2.9 1.4 1e-08
4 -0.1 2.9 1e-08
4 1.8 1.8 1e-08
4 -0.7 0.2 1e-08
4 1.5 0.1 1e-08
4 -0.7 3 1e-08
4 0.7 1.6 1e-08
4 -1.8 0.4 1e-08
4 2 -1.8 1e-08
4 0.9 1.4 1e-08
4 0.1 2 1e-08
4 -2.8 -3.1 1e-08
4 2.9 2.9 1e-08
4 1.7 1.2 1e-08
4 2.9 -3 1e-08
4 2.5 -3.1 1e-08
4 -0.5 2.9 1e-08
4 -0.7 1.3 1e-08
4 -1.6 -3.1 1e-08
4 -2.3 -0.9 1e-08
4 -0.1 -2.4 1e-08
4 -2.5 -2.3 1e-08
4 1.9 -3 1e-08
4 0.3 -1.8 1e-08
4 -1.1 -1.2 1e-08
4 1 -2.4 1e-08
4 1.2 -0.8 1e-08
4 2.6 -0.8 1e-08
4 -1.6 -1.3 1e-08
4 2.4 0.5 1e-08
4 -0.6 2.6 1e-08
4 -1.8 0.3 1e-08
4 -1.2 -0.3 1e-08
4 -2.4 0.2 1e-08
4 -2.1 -2.4 1e-08
4 2.9 -3 1e-08
4 -0.4 1.3 1e-08
4 -2.2 0.2 1e-08
4 1.4 -1.5 1e-08
4 -1.2 2.4 1e-08
4 2.3 2.2 1e-08
4 2.5 3 1e-08
4 0.9 0.2 1e-08
4 1.7 2.5 1e-08
4 -1.6 2.4 1e-08
4 2.1 -3.1 1e-08
4 -1.5 0.9 1e-08
4 1 -1.1 1e-08
4 -3 0.4 1e-08
4 1.1 -2.1 1e-08
4 -1.3 -0.5 1e-08
4 -2.5 -0.1 1e-08
4 2.5 -0.4 1e-08
4 -0.7 0.7 1e-08
4 3 2.4 1e-08
4 -1.2 0.1 1e-08
4 -1.2 0.9 1e-08
4 -0.2 -3.1 1e-08
4 1.6 1 1e-08
4 -0.1 -1 1e-08
4 -0.7 -1.5 1e-08
4 -1.2 -1.9 1e-08
4 0.8 2.9 1e-08
4 2 -0.6 1e-08
4 1.8 1.8 1e-08
4 -3 3.1 1e-08
4 -2.1 2.1 1e-08
4 0.2 1.8 1e-08
4 -2.7 2.6 1e-08
4 -0.1 1.7 1e-08
4 2.3 -0.6 1e-08
4 -2.9 -1.3 1e-08
4 2.9 0.1 1e-08
4 -0.2 -1.2 1e-08
4 1.6 1.3 1e-08
4 -1.7 1.9 1e-08
4 -1.5 -1.9 1e-08
4 2.6 1.2 1e-08
4 1.3 0.1 1e-08
4 2.7 -2.3 1e-08
4 -1.9 -0.4 1e-08
4 0.1 -2.6 1e-08
4 0.9 -2.7 1e-08
4 -1.8 -2.8 1e-08
4 1 -1.6 1e-08
4 2 -0.4 1e-08
4 -1.9 -2.9 1e-08
4 2.4 -2.5 1e-08
4 2.9 -3 1e-08
4 -1.3 -1.4 1e-08
4 -2.9 1.4 1e-08
4 -1.6 -1.3 1e-08
4 0 -3 1e-08
4 2.8 1.4 1e-08
4 -2.8 0.2 1e-08
4 2.4 1.1 1e-08
4 -1.3 1.3 1e-08
4 2.8 -1 1e-08
4 -1.9 -2.5 1e-08
4 -0.7 0.2 1e-08
4 0.9 -0.6 1e-08
4 2.1 -2.9 1e-08
4 3 0.7 1e-08
4 2.7 0.8 1e-08
4 -2.1 -0.6 1e-08
4 1.4 -2.1 1e-08
4 -2.7 -1 1e-08
4 -1.5 -3 1e-08
4 1.4 0 1e-08
4 1.4 -1.2 1e-08
4 -1.8 1 1e-08
4 2.6 1.4 1e-08
4 2.9 2.1 1e-08
4 -1.5 -1 1e-08
4 -0.5 1 1e-08
4 -0.5 1.2 1e-08
4 -2.8 1.6 1e-08
4 -2.9 -1.5 1e-08
4 -2.1 -1.8 1e-08
4 0.6 0.5 1e-08
4 2.8 -0.6 1e-08
4 0.1 2.2 1e-08
4 1.9 0.2 1e-08
4 0 1.7 1e-08
4 0.2 0.4 1e-08
4 -2.6 2.1 1e-08
4 1 1.3 1e-08
4 0.8 -1.9 1e-08
4 -1.4 2 1e-08
4 0.2 2.4 1e-08
4 -1.8 -1.7 1e-08
4 0.2 2.5 1e-08
4 -2 -2.2 1e-08
4 -1.9 1.3 1e-08
4 -0.4 0.1 1e-08
4 -0.8 -1.9 1e-08
4 1.7 1.4 1e-08
4 2.3 -1.3 1e-08
4 -2.9 -3.1 1e-08
4 0.8 2.8 1e-08
4 -2.9 -2.9 1e-08
4 2.3 -1.4 1e-08
4 0.2 1.4 1e-08
4 -3 1.3 1e-08
4 -0.9 3 1e-08
4 0.2 -1.2 1e-08
4 3 -2.1 1e-08
4 -3 2.4 1e-08
4 1.8 2.9 1e-08
4 1.8 0 1e-08
4 -0.8 -1.3 1e-08
4 2.8 -2.1 1e-08
4 -0.3 0.9 1e-08
4 1.7 1.2 1e-08
4 -2.7 -1.9 1e-08
4 -2.9 0.6 1e-08
4 -1.9 -1.8 1e-08
4 1.6 -2.8 1e-08
4 0.6 -0.5 1e-08
4 -1.7 -1.9 1e-08
4 -2.3 3 1e-08
4 -2.6 -0.7 1e-08
4 0 -0.1 1e-08
4 -2 -2.7 1e-08
4 -2.8 2.1 1e-08
4 -2.9 -0.3 1e-08
4 1.4 -2.4 1e-08
4 1.9 -1 1e-08
4 0.4 2.4 1e-08
4 2.4 1.2 1e-08
4 0.1 -0.5 1e-08
4 -0.1 0.6 1e-08
4 1.3 0.7 1e-08
4 0.8 -2.1 1e-08
4 -2.8 2.4 1e-08
4 -1.9 0.5 1e-08
4 0.5 -1.1 1e-08
4 2.3 2.1 1e-08
4 0.3 0.1 1e-08
4 -2.2 2.1 1e-08
4 2.1 -1 1e-08
4 -2.7 2.8 1e-08
4 0.6 -3 1e-08
4 1.3 2 1e-08
4 -1.2 2.2 1e-08
4 -1.5 -1.7 1e-08
4 2.4 -0.4 1e-08
4 1.7 -2.2 1e-08
4 1.8 1.2 1e-08
4 -0.1 -2.5 1e-08
4 -1.4 0.5 1e-08
4 -2.2 -0.8 1e-08
4 -2.6 2.7 1e-08
4 -2.6 1.9 1e-08
4 0.6 3.1 1e-08
4 -2.3 -1.8 1e-08
4 0.9 2 1e-08
4 -2.7 1.3 1e-08
4 0.6 -3 1e-08
4 0.6 -0.6 1e-08
4 2 -1.2 1e-08
4 -0.3 3.1 1e-08
4 -3 -2.8 1e-08
4 -2.9 -0.2 1e-08
4 -2.7 0.3 1e-08
4 1.6 -1.1 1e-08
4 2.9 -1.6 1e-08
4 -2.6 -2.4 1e-08
4 0.1 -2.2 1e-08
4 3 0.6 1e-08
4 -2 0 1e-08
4 -2.4 -2.6 1e-08
4 -0.6 -0.2 1e-08
4 2.5 -1.2 1e-08
4 0.5 -0.9 1e-08
4 0.3 0.1 1e-08
4 -1.5 0.7 1e-08
4 2.2 2.7 1e-08
4 -0.6 0.1 1e-08
4 -1.6 2 1e-08
4 -0.8 2.5 1e-08
4 1 0.5 1e-08
4 0.7 -1.3 1e-08
4 -2.2 -1.3 1e-08
4 -0.4 1.1 1e-08
4 -0.7 -3.1 1e-08
4 3 -2.4 1e-08
4 1.1 -2.5 1e-08
4 1.7 3 1e-08
4 1.3 2.1 1e-08
4 -1.6 2.8 1e-08
4 -0.8 1.7 1e-08
4 0.8 -0.9 1e-08
4 1 -2 1e-08
4 0.1 -2.8 1e-08
4 0.4 2.8 1e-08
4 1.5 -0.7 1e-08
4 3 0.2 1e-08
4 -0.6 2.4 1e-08
4 0.4 0.2 1e-08
4 -2.1 1 1e-08
4 -0.5 0.1 1e-08
4 2 -1.8 1e-08
4 -2.1 3 1e-08
4 -2.4 0.2 1e-08
4 2.7 -1.5 1e-08
4 2.3 -0.1 1e-08
4 1.9 2.2 1e-08
4 2.9 0.2 1e-08
4 1.1 -1.3 1e-08
4 1.5 1.6 1e-08
4 2.3 2.4 1e-08
4 0.3 -2.6 1e-08
4 -2.8 1.5 1e-08
4 0.2 -0.7 1e-08
4 0.8 -0.3 1e-08
4 -2.7 -0.5 1e-08
4 -0.6 2.4 1e-08
4 1.4 1 1e-08
4 -0.2 2.2 1e-08
4 1 -0.9 1e-08
4 1.2 2 1e-08
4 1.5 0.6 1e-08
4 0.5 -0.2 1e-08
4 0.5 1.9 1e-08
4 -2.7 -2.2 1e-08
4 -2.7 -1.3 1e-08
4 -0.5 2.4 1e-08
4 -1.3 0.3 1e-08
4 0.2 -1.2 1e-08
4 2.7 1.3 1e-08
4 2.9 -2.2 1e-08
4 -1 2.3 1e-08
4 2.3 -0.5 1e-08
4 2.4 -2.6 1e-08
4 2.1 1.9 1e-08
4 2.5 2.8 1e-08
4 0.9 -0.2 1e-08
4 -2.2 2.7 1e-08
4 0 -0.4 1e-08
4 0.1 1.9 1e-08
4 2.8 0.7 1e-08
4 1.2 1.9 1e-08
4 0.1 2.2 1e-08
4 -2 -3 1e-08
4 1.8 1.4 1e-08
4 -2.4 0.5 1e-08
4 -2.8 2.3 1e-08
4 -1.6 -2.7 1e-08
4 2.9 1.1 1e-08
4 -0.8 -2.7 1e-08
4 -3 -0.6 1e-08
4 -0.2 -1.2 1e-08
4 1.8 -0.2 1e-08
4 -2.8 -2.9 1e-08
4 2.7 -2.3 1e-08
4 -2.2 3 1e-08
4 1.1 -0.9 1e-08
4 2.4 -1.4 1e-08
4 -2.8 -1.7 1e-08
4 1.4 0.8 1e-08
4 -2.5 1.5 1e-08
4 1.6 1.4 1e-08
4 -0.2 -3.1 1e-08
4 -3 1.7 1e-08
4 -1.9 -1 1e-08
4 -2.2 0.8 1e-08
4 -0.9 -1.2 1e-08
4 -2.1 0.4 1e-08
4 -1.8 1.9 1e-08
4 -1 -2.7 1e-08
4 2.6 1.3 1e-08
4 0.4 0.9 1e-08
4 -3 -1.6 1e-08
4 2.3 -0.7 1e-08
4 -2.7 2.7 1e-08
4 1.5 -0.3 1e-08
4 -2.8 0.1 1e-08
4 -2.9 -0.6 1e-08
4 -2.2 0.2 1e-08
4 -0.6 -1.5 1e-08
4 0.8 1.2 1e-08
4 -0.8 -2.7 1e-08
4 -2 -0.9 1e-08
4 -0.8 -2.7 1e-08
4 0.8 2.4 1e-08
4 -1.1 0.1 1e-08
4 1.1 -1.2 1e-08
4 2.5 1.6 1e-08
4 0.8 0.4 1e-08
4 1.2 2.8 1e-08
4 -0.3 -2.3 1e-08
4 -2.3 -2.9 1e-08
4 0 1.6 1e-08
4 -0.7 0.3 1e-08
4 0 -2.4 1e-08
4 0.7 -1.8 1e-08
4 0.7 1.3 1e-08
4 1.7 -2.1 1e-08
4 -2.1 -2.6 1e-08
4 0.4 -0.2 1e-08
4 -3 -2.4 1e-08
4 -0.5 -1.7 1e-08
4 1.1 -0.3 1e-08
4 -0.7 2.2 1e-08
4 2.8 -0.5 1e-08
4 -0.4 -1.5 1e-08
4 1.7 1 1e-08
4 0.8 2.3 1e-08
4 -2.6 2.3 1e-08
4 -0.4 1.9 1e-08
4 -1.7 1.6 1e-08
4 2.1 0.5 1e-08
4 0.4 0.5 1e-08
4 -1.9 -1.3 1e-08
4 -3 2.1 1e-08
4 -1.1 2.9 1e-08
4 -0.1 2.1 1e-08
4 1.6 0.9 1e-08
4 2.8 -2.6 1e-08
4 -1.1 -0.4 1e-08
4 -0.3 -2.2 1e-08
4 2.2 -0.3 1e-08
4 2.9 0.5 1e-08
4 -0.3 -1 1e-08
4 -0.8 0.4 1e-08
4 -0.2 1.3 1e-08
4 -2.3 2.2 1e-08
4 -0.4 2 1e-08
4 -2.7 -2.1 1e-08
4 0.8 1.1 1e-08
4 2.1 -1.7 1e-08
4 -0.6 -2.2 1e-08
4 1.5 3 1e-08
4 2.5 0.9 1e-08
4 -1.1 1.1 1e-08
4 -1.1 -2.3 1e-08
4 -2.8 -3.1 1e-08
4 -2.9 0.3 1e-08
4 2.6 -0.7 1e-08
4 2.4 2.4 1e-08
4 2.6 -2.2 1e-08
4 -1.4 -3.1 1e-08
4 -0.5 -2.7 1e-08
4 -2.7 0.7 1e-08
4 3 1.1 1e-08
4 -2.9 -2.5 1e-08
4 0.8 2.9 1e-08
4 -1.4 -0.9 1e-08
4 -2.9 2.3 1e-08
4 -0.3 3.1 1e-08
4 -0.9 2.4 1e-08
4 0.7 1.5 1e-08
4 3 -0.3 1e-08
4 -2.7 2.6 1e-08
4 -2.6 1.4 1e-08
4 -1.7 -1.7 1e-08
4 -2.5 -0.6 1e-08
4 -1.7 -0.6 1e-08
4 1.9 2.8 1e-08
4 -2.5 0.1 1e-08
4 2.6 -3 1e-08
4 0.7 2.1 1e-08
4 -0.3 3 1e-08
4 -1.9 1.5 1e-08
4 1.2 -1.2 1e-08
4 1.5 -1.2 1e-08
4 1.6 2.5 1e-08
4 0.2 -0.6 1e-08
4 -1.4 -1.4 1e-08
4 0.6 0.3 1e-08
4 -0.8 -1.5 1e-08
4 -1.2 2.5 1e-08
4 1.7 0 1e-08
4 -2.1 -3.1 1e-08
4 0.6 1.3 1e-08
4 -1.4 -1.7 1e-08
4 0.3 -0.4 1e-08
4 -1.1 -1.4 1e-08
4 -0.7 1.1 1e-08
4 -0.8 2.3 1e-08
4 0.7 -0.7 1e-08
4 0.8 2.1 1e-08
4 0.7 -1.6 1e-08
4 -2.8 2.8 1e-08
4 1.3 -0.5 1e-08
4 -0.1 -2.6 1e-08
4 1.8 3.1 1e-08
4 -0.5 0.9 1e-08
4 -2.9 2 1e-08
4 0.3 -0.2 1e-08
4 -1.5 2 1e-08
4 -2.5 -0.6 1e-08
4 -1.7 -1.7 1e-08
4 2 2.1 1e-08
4 1.7 2.7 1e-08
4 2.9 2.6 1e-08
4 -2.4 -1.4 1e-08
4 -1 0 1e-08
4 -0.7 -0.1 1e-08
4 0.8 -0.6 1e-08
4 -0.8 2.9 1e-08
4 -0.4 3 1e-08
4 1.9 -0.3 1e-08
4 0.5 2.1 1e-08
4 -2.4 1.1 1e-08
4 -1.4 0.4 1e-08
4 -2.8 -2.2 1e-08
4 -0.8 -2.2 1e-08
4 1.6 -1.2 1e-08
4 2.4 -1.5 1e-08
4 -0.6 0.4 1e-08
4 -1.7 -2.5 1e-08
4 3 2.8 1e-08
4 -1.3 -2 1e-08
4 2.9 1.9 1e-08
4 -2.4 -1.3 1e-08
4 1.5 -1.6 1e-08
4 0.5 -2.2 1e-08
4 -0.5 2.3 1e-08
4 1.3 0.5 1e-08
4 -2.2 2.9 1e-08
4 2 -1.5 1e-08
4 1.5 -0.6 1e-08
4 2.9 0.9 1e-08
4 -1.6 -0.1 1e-08
4 2.6 -1.2 1e-08
4 -1.9 -0.3 1e-08
4 3 -0.7 1e-08
4 -0.6 1.7 1e-08
4 -0.9 1.1 1e-08
4 -0.2 2.2 1e-08
4 -0.9 -2.7 1e-08
4 1.8 1.6 1e-08
4 1.9 1.7 1e-08
4 1.9 0.5 1e-08
4 3 1.5 1e-08
4 -0.7 -2 1e-08
4 -1.1 -0.1 1e-08
4 0.4 2.6 1e-08
4 -0.4 -1.7 1e-08
4 -0.3 -1.7 1e-08
4 -0.9 0.8 1e-08
4 0 2.7 1e-08
4 0.6 1.6 1e-08
4 -1.5 -2.6 1e-08
4 1.6 2.7 1e-08
4 -1.5 -1.7 1e-08
4 0.7 0 1e-08
4 -1 1.7 1e-08
4 0.9 0.4 1e-08
4 -2.6 -0.7 1e-08
4 0 -0.8 1e-08
4 -1.9 1.8 1e-08
4 -2 -1.8 1e-08
4 -0.2 2.5 1e-08
4 -1.7 2.9 1e-08
4 -1.3 -1.9 1e-08
4 -1.1 2.3 1e-08
4 -0.8 2.5 1e-08
4 1.3 -2 1e-08
4 -2.6 -0.5 1e-08
4 -2 0.4 1e-08
4 -1.5 1.8 1e-08
4 0.9 -2.5 1e-08
4 -0.4 0.6 1e-08
4 -2.3 2.1 1e-08
4 -2.1 -1.3 1e-08
4 -0.8 -2.9 1e-08
4 1 2.9 1e-08
4 -2.6 -2.7 1e-08
4 -0.6 -2.8 1e-08
4 0.9 1 1e-08
4 -1.1 0.3 1e-08
4 -2.4 -1.1 1e-08
4 0 -0.4 1e-08
4 1.7 0.6 1e-08
4 -2.6 -1.9 1e-08
4 -0.3 -1 1e-08
4 -1.2 0.7 1e-08
4 2 2.4 1e-08
4 2.9 2.4 1e-08
4 2.6 -1 1e-08
4 -1.2 1.5 1e-08
4 -0.8 0.2 1e-08
4 -2.6 -2.9 1e-08
4 -2 -2.6 1e-08
4 -0.8 -2.1 1e-08
4 0.9 -3 1e-08
4 1.1 1.3 1e-08
4 -2 1.5 1e-08
4 2.4 0.8 1e-08
4 -0.1 3.1 1e-08
4 1 -2.6 1e-08
4 1.7 0.5 1e-08
4 2 2.7 1e-08
4 1.9 -1.2 1e-08
4 1.5 3.1 1e-08
4 1.5 1.2 1e-08
4 0.1 -0.7 1e-08
4 0.9 2.1 1e-08
4 -1.4 -0.8 1e-08
4 1.6 -0.6 1e-08
4 1 0.3 1e-08
4 1.8 2.4 1e-08
4 0.6 2.5 1e-08
4 0.1 1.2 1e-08
4 0.7 -2.4 1e-08
4 -2.9 1.9 1e-08
4 0.5 -1.4 1e-08
4 -2.7 -2.5 1e-08
4 0.9 0.6 1e-08
4 -0.1 -1.5 1e-08
4 3 1.3 1e-08
4 -1.7 -1.7 1e-08
4 -0.5 3 1e-08
4 0.4 2.6 1e-08
4 0.1 1 1e-08
4 1.1 -2.8 1e-08
4 -0.4 0.9 1e-08
4 1.8 3.1 1e-08
4 3 2.9 1e-08
4 0.1 -0.6 1e-08
4 2.3 -0.9 1e-08
4 -1.5 -1.3 1e-08
4 -1.2 -1.3 1e-08
4 -0.9 -0.7 1e-08
4 0.9 0.3 1e-08
4 1.7 -1.6 1e-08
4 1.5 1.9 1e-08
4 0.1 -1.3 1e-08
4 -3 1.9 1e-08
4 1.8 0.7 1e-08
4 -2.8 -1.2 1e-08
4 2.4 2.4 1e-08
4 -2.7 -0.5 1e-08
4 -1.5 -2.2 1e-08
4 -0.5 -0.2 1e-08
4 0.3 -2.2 1e-08
4 -2.4 0 1e-08
4 -2.8 -2.6 1e-08
4 -2.1 -2.9 1e-08
4 -1.9 -2.8 1e-08
4 -0.9 -0.1 1e-08
4 -3 -2.2 1e-08
4 0.8 2.7 1e-08
4 1.1 0.5 1e-08
4 1.3 -2.6 1e-08
4 0.7 -0.6 1e-08
4 -1.8 0.3 1e-08
4 -2.8 1.5 1e-08
4 -0.9 -2.1 1e-08
4 -2.3 2.6 1e-08
4 -3 -1.1 1e-08
4 -2.6 1.4 1e-08
4 -0.8 0.2 1e-08
4 2.8 -1.1 1e-08
4 -0.1 -1.8 1e-08
4 -1.6 -2.9 1e-08
4 -2.5 -0.1 1e-08
4 -1.8 2.8 1e-08
4 2.9 2.4 1e-08
4 2.8 -0.4 1e-08
4 -2.2 -2.8 1e-08
4 -3 -0.4 1e-08
4 2.6 2.9 1e-08
4 2.8 1 1e-08
4 1.9 -1.7 1e-08
4 0.6 0.7 1e-08
4 -2.2 0.1 1e-08
4 2.5 -0.9 1e-08
4 1.7 2.1 1e-08
4 0.1 2.9 1e-08
4 -2.3 1.9 1e-08
4 -1.5 -2.2 1e-08
4 2.6 1.1 1e-08
4 0.8 2.6 1e-08
4 -0.7 -2.5 1e-08
4 2.2 1.7 1e-08
4 -2.8 -1.2 1e-08
4 -1.7 -0.6 1e-08
4 -0.4 0.9 1e-08
4 1.4 1.6 1e-08
4 1.8 0.8 1e-08
4 1.2 -0.7 1e-08
4 -0.4 2.3 1e-08
4 -2.5 -2.8 1e-08
4 0.2 0 1e-08
4 -2.3 -2.2 1e-08
4 -0.7 0.9 1e-08
4 -1.7 -1.2 1e-08
4 1.2 -3 1e-08
4 -0.8 0.8 1e-08
4 0 -2.9 1e-08
4 0.5 2.2 1e-08
4 -0.5 2.2 1e-08
4 -0.7 0.5 1e-08
4 2.2 1.9 1e-08
4 -1.2 2.2 1e-08
4 -2.8 0.8 1e-08
4 1.5 0 1e-08
4 -1.6 0.9 1e-08
4 1.6 -0.6 1e-08
4 2.4 2.7 1e-08
4 2.4 0.2 1e-08
4 0.9 2.8 1e-08
4 0.9 0.5 1e-08
4 2.5 2.5 1e-08
4 1.9 -1.3 1e-08
4 0.4 -0.8 1e-08
4 2.8 0.4 1e-08
4 -0.6 0.8 1e-08
4 1.6 1.9 1e-08
4 -2.6 1.2 1e-08
4 1.2 2.5 1e-08
4 -1 -1.1 1e-08
4 -0.4 -3 1e-08
4 2.6 -2.7 1e-08
4 2.2 -1.3 1e-08
4 -1.8 0.3 1e-08
4 -0.1 -1.3 1e-08
4 -2.9 -3.1 1e-08
4 -2.7 -1.4 1e-08
4 2.4 -2.4 1e-08
4 -2.4 3 1e-08
4 2.2 2.4 1e-08
4 2.1 -0.9 1e-08
4 0.5 -2.6 1e-08
4 -1.1 0.5 1e-08
4 -1.7 -0.3 1e-08
4 2.1 0 1e-08
4 -0.2 -0.3 1e-08
4 -1 0.9 1e-08
4 2.9 0.2 1e-08
4 0.5 2.5 1e-08
4 -0.7 0.8 1e-08
4 1.8 0 1e-08
4 -0.6 1 1e-08
4 2.7 -2.6 1e-08
4 0.2 -0.6 1e-08
4 -3 -2.9 1e-08
4 -2.2 1.9 1e-08
4 2.2 -3 1e-08
4 2.8 -0.4 1e-08
4 2.7 -0.2 1e-08
4 2.2 1 1e-08
4 0.5 2.9 1e-08
4 -0.3 2.4 1e-08
4 1.7 -0.3 1e-08
4 -1 1.1 1e-08
4 -0.2 -2.2 1e-08
4 -0.1 0.5 1e-08
4 -1.1 1.7 1e-08
4 -0.2 2.1 1e-08
4 2 -0.8 1e-08
4 -2.5 -2.2 1e-08
4 0.6 -1.2 1e-08
4 1.6 0.6 1e-08
4 -0.2 0.5 1e-08
4 0.3 0 1e-08
4 2.6 1.7 1e-08
4 -0.7 2.3 1e-08
4 1.3 1.1 1e-08
4 -1 1.5 1e-08
4 0 -0.6 1e-08
4 -2.7 0.8 1e-08
4 -0.6 3.1 1e-08
4 0.3 2.3 1e-08
4 2 -2.3 1e-08
4 1.2 2.5 1e-08
4 1.5 -1.6 1e-08
4 -2.8 0.1 1e-08
4 0 3.1 1e-08
4 -2.7 -3.1 1e-08
4 -1.2 -2.6 1e-08
4 -0.7 -0.2 1e-08
4 -1.8 0.3 1e-08
4 0.2 0.4 1e-08
4 2.7 -1.5 1e-08
4 -2.4 -0.1 1e-08
4 -2.8 -2.7 1e-08
4 -0.5 0.3 1e-08
4 0.1 2.6 1e-08
4 -2.1 2.5 1e-08
4 -2.2 -2 1e-08
4 -2.2 -2.2 1e-08
4 -0.2 0.3 1e-08
4 0.7 -2.7 1e-08
4 -2.8 -1.2 1e-08
4 -1.1 1.4 1e-08
4 -0.9 2.7 1e-08
4 0.4 2.5 1e-08
4 -2.9 0 1e-08
4 -1.1 0.3 1e-08
4 -0.2 2.4 1e-08
4 -0.8 0.5 1e-08
4 0.5 -1 1e-08
4 1.1 -2.6 1e-08
4 -0.9 2.2 1e-08
4 0.1 3 1e-08
4 -2.3 1.4 1e-08
4 -2.3 -1.6 1e-08
4 0.7 2.8 1e-08
4 1.2 -2 1e-08
4 -2 0.9 1e-08
4 -2.3 -2.8 1e-08
4 0.6 -1.7 1e-08
4 2.5 -1.5 1e-08
4 0.9 2.4 1e-08
4 -3 -0.7 1e-08
