event eta phi energy
0 -1.6 -1.2 116.485
0 -1.8 -1.4 98.5059
0 -1.8 -1.3 127.824
0 -2 -1.2 11.1333
0 -2 -1.5 55.3479
0 -1.9 -1.1 32.3573
0 -1.4 -1.4 63.3067
0 -1.4 -1.2 30.0072
0 -1.8 -0.8 40.0961
0 -1.9 -0.9 41.8949
0 -1.5 -1 37.2738
0 -1.8 -1.2 37.6328
0 -1.8 -0.9 13.5676
0 -2 -1.6 66.7675
0 -1.7 -1.1 44.8783
0 -2 -1.3 24.2415
0 -2.3 -1.4 15.1344
0 -1.9 -1.4 30.6225
0 -1.9 -0.8 22.2799
0 -1.9 -1 25.6891
0 -1.6 -1.3 63.981
0 -1.5 -1.3 22.1071
0 -2.1 -1.2 14.0293
0 -2.1 -1.4 27.7594
0 -2.2 -1.2 28.0808
0 -2.1 -1.3 33.7822
0 -1.6 -1 62.3555
0 -1.8 -1.7 58.7803
0 -2.1 -1 77.0298
0 -1.7 -1.5 49.468
0 -1.6 -1.5 16.7263
0 -1.5 -1.1 57.3972
0 -2.2 -1.3 47.7749
0 -2.3 -1.1 53.1953
0 2.4 -1.3 134.792
0 1.9 -1.1 77.5862
0 2.7 -1 129.405
0 2.3 -0.9 9.35225
0 2.5 -1.3 7.70633
0 2.3 -1.1 32.8964
0 2.4 -0.8 54.4243
0 2.4 -1.5 45.8371
0 2 -1.6 33.7007
0 2.3 -1.5 61.911
0 1.9 -1.2 64.2809
0 2.7 -1.1 33.1131
0 1.9 -0.8 32.3351
0 2.1 -0.9 60.541
0 2 -1.3 30.5597
0 2 -1.1 38.8697
0 2.2 -1.1 50.6591
0 2.2 -0.7 7.37303
0 2.1 -1.5 58.9767
0 2.2 -1.2 51.0604
0 2 -1.5 82.0434
0 2 -1.2 64.9007
0 1.7 -0.9 45.6347
0 2.3 -1 18.8611
0 2.2 -1.3 6.95436
0 2.2 -1.4 36.6007
0 2.4 -1.2 47.1232
0 2.4 -1.4 4.82408
0 2.2 -0.8 26.2843
0 2.3 -1.2 22.2253
0 2.3 -1.3 74.2031
0 2 -1 30.5989
0 2.3 -0.8 60.6139
0 2.4 -1.1 46.6262
0 2.1 -1.2 16.2272
0 2.1 -0.8 64.8289
0 2.7 -1.2 65.8303
0 2.4 -1 41.1066
0 2 -2 21.039
0 2.2 -1 32.4033
0 1.8 -1.1 79.5866
0 -2.2 0.9 133.536
0 -2.2 1.2 125.15
0 -2.4 0.8 99.219
0 -2.5 1 56.1711
0 -2.7 1.1 47.3481
0 -2.7 1 31.2659
0 -2.9 0.9 25.1477
0 -2.8 1 30.3533
0 -2.2 0.8 65.347
0 -2.5 1.2 44.0045
0 -1.9 0.8 56.5996
0 -2.3 1 91.676
0 -2.1 1 35.4596
0 -2.3 0.8 18.0658
0 -2.7 1.3 7.68663
0 -2.8 1.1 49.4555
0 -2.6 0.8 60.7399
0 -2.4 1.4 8.70902
0 -2.1 0.9 20.5673
0 -2.2 1 37.0502
0 -2.6 1 60.1478
0 -2.6 0.6 57.5652
0 -2.2 1.3 19.8062
0 -2.1 0.8 54.5887
0 -2.7 0.9 37.4287
0 -2.2 0.6 45.03
0 -2.6 1.4 43.922
0 -2.3 1.2 53.1685
0 -2.7 1.2 53.263
0 -1.9 1 33.3022
0 -2.6 1.3 57.7809
0 0.2 1.1 104.209
0 0.6 1.2 112.03
0 0 1 112.151
0 0.1 1.2 34.0687
0 -0.3 1.3 39.1533
0 -0.1 1.2 26.5158
0 0.4 1.4 38.5428
0 0 1.2 41.8528
0 0.4 0.7 53.7378
0 0.3 1.3 9.68204
0 0.2 1.2 15.5053
0 -0.1 1.1 62.782
0 -0.1 1.5 24.4662
0 0.4 1.3 32.3352
0 0.2 1.4 34.5067
0 0 1.1 34.003
0 0.2 1.5 58.0652
0 0.1 1 45.4275
0 0 0.9 65.0753
0 -0.1 0.8 32.1714
0 0.3 1 6.19418
0 0.4 1.2 10.1487
0 0.3 1.1 36.0394
0 -0.1 1.3 36.6325
0 0.4 1.1 67.7163
0 0.2 1.3 21.0243
0 0.5 1.4 73.4409
0 0.1 1.3 16.65
0 0.1 1.8 42.836
0 0.2 0.9 40.7922
0 -0.1 1 84.5187
0 -0.2 1.2 47.2359
0 0.1 1.4 16.8902
0 0.1 1.1 20.223
0 0.5 1.3 36.4977
0 -0.1 1.7 58.6299
0 -0.3 1.2 48.2301
0 -0.7 2.6 128.24
0 -1.7 2.4 91.5995
0 -1.3 2.7 54.091
0 -1.2 2.8 30.7897
0 -1.2 2.7 41.5495
0 -1.2 2.5 1.0695
0 -1.5 2.5 53.1375
0 -1.4 2.4 28.7962
0 -1.6 2.8 25.6496
0 -1 2.4 55.5879
0 -1.5 2.7 47.6729
0 -1.6 2.7 42.25
0 -1 2.7 38.2865
0 -1.3 2.4 25.6916
0 -1.7 2.6 26.9732
0 -1 2.5 3.65947
0 -1.7 2 14.0411
0 -1.5 2.3 22.2169
0 -1.1 2.7 32.9359
0 -1.3 2.8 57.516
0 -1.4 2.6 30.7692
0 -1.3 2.2 29.8719
0 -1.6 2.5 32.6773
0 -1.6 2.6 47.7329
0 -1.5 2.2 13.2021
0 -1.3 2.5 38.6016
0 -1.1 2.4 54.2206
0 -0.8 2.5 20.1649
0 -0.9 2.5 41.7798
0 -1.1 2.5 38.403
0 -1.4 2.8 69.9789
0 -1.7 2.5 77.3038
0 -0.6 2.6 50.1415
0 -1.6 2.4 36.5524
0 -2.7 0.7 101.594
0 -3.1 0.8 107.564
0 -2.6 1.2 95.4196
0 -2.7 1.4 36.0407
0 -2.8 1.4 54.4503
0 -2.8 1.2 62.3241
0 -2.8 1.3 35.9711
0 -2.8 1.5 12.3912
0 -2.8 0.9 0.567008
0 -2.6 1.5 31.9456
0 -2.7 1.5 42.9963
0 -2.4 1.6 13.802
0 -2.6 1.6 38.2496
0 -2.7 1.6 18.9139
0 -2.7 0.8 7.30325
0 -3.1 1.6 60.1749
0 -2.6 1.7 79.3899
0 -3.1 0.9 52.2076
0 -2.1 1.3 11.3643
0 -2.5 0.6 52.9845
0 -2.8 0.8 37.3312
0 -3.1 1.4 12.6825
0 -3.2 1.2 27.6712
0 -3.1 1.2 35.1036
0 -2.6 0.7 30.7652
0 -2 0.9 20.3818
0 -2.8 1.6 53.3076
0 -0.5 0.8 137.288
0 -1.1 0.7 81.3742
0 -1.1 0.8 96.631
0 -1 1 21.2558
0 -0.8 0.9 26.2528
0 -0.8 1 81.0188
0 -0.7 0.6 50.0299
0 -0.9 1 48.7221
0 -1 0.8 22.1934
0 -1 1.5 80.8844
0 -1 1.2 54.625
0 -1.4 1.1 42.0736
0 -1 0.7 42.0274
0 -0.9 0.8 6.99215
0 -1 0.6 69.0763
0 -1.3 0.8 26.7502
0 -0.6 0.7 63.5217
0 -0.8 0.7 79.101
0 -1 0.5 53.871
0 -0.8 0.6 40.2417
0 -0.9 1.2 68.239
0 -0.8 0.8 56.7037
0 -1.1 1 34.7004
0 -0.7 0.8 59.7087
0 -0.7 1.1 2.05891
0 -0.5 1 15.3349
0 -1.2 1 26.6279
0 -0.1 -2.7 98.4914
0 -0.1 -2.4 93.6806
0 -0.2 -2.8 87.6067
0 -0.2 -2.6 34.2468
0 0 -2.9 45.6233
0 0.1 -2.7 45.5616
0 0.3 -2.7 48.6717
0 -0.1 -2.9 69.8513
0 0.1 -2.4 48.6221
0 0.3 -3 11.3923
0 0.2 -2.7 35.3439
0 0.2 -2.9 26.1844
0 -0.3 -3 28.0005
0 -0.1 -2.6 42.9788
0 0.1 -2.6 35.0522
0 -0.1 -2.8 17.8078
0 -0.3 -2.8 9.10164
0 -0.4 -2.5 59.2054
0 0.1 -3 27.9806
0 -0.4 -2.6 32.5028
0 -0.5 -2.9 43.757
0 0.3 -2.5 35.7469
0 -0.3 -2.7 65.4253
0 0 -2.8 59.994
0 0.4 -2.3 48.7248
0 -0.2 -2.9 66.3932
0 0.1 -2.8 22.074
0 -0.4 -2.8 46.1144
0 -0.5 -2.6 46.1938
0 -0.9 2.4 126.173
0 -0.5 2.5 99.1519
0 -0.8 2.4 101.876
0 -0.5 2.6 47.7531
0 -0.4 2.7 32.2499
0 -0.4 2.3 42.2931
0 -0.3 2.6 53.2415
0 -0.6 2.2 35.2382
0 -0.2 2.2 57.855
0 -0.6 2.3 69.932
0 -0.8 2.1 62.4353
0 -0.4 2.5 41.5286
0 -0.5 2.2 53.578
0 -0.7 2.5 47.3203
0 -0.6 2 80.1417
0 -0.5 2.7 62.5517
0 -0.5 2.1 75.1808
0 -0.7 1.9 44.4576
0 -0.9 2.8 17.4352
0 -0.5 2.3 54.968
0 -0.7 2.4 76.672
0 -0.4 2.2 64.5811
0 -0.6 2.4 44.3419
0 -0.8 2.6 27.871
0 -0.3 2.5 59.0182
0 -0.5 2 38.3257
0 -0.1 2.6 65.7503
0 -0.3 2.3 40.1248
0 -0.4 2.4 49.1535
0 -0.3 2.4 49.7146
0 -0.4 2.1 26.2017
0 -0.3 2.7 19.8259
0 -0.5 2.4 48.9807
0 -0.7 2.8 38.4015
0 -0.2 2.9 75.6497
0 -0.1 2.5 43.4578
0 -0.3 2.2 23.7715
0 -0.3 -1.5 114.306
0 0 -1.5 49.6224
0 -0.6 -1.5 86.1824
0 -0.2 -1.4 40.9149
0 -0.4 -1.5 48.3966
0 -0.4 -1 54.2912
0 -0.5 -1.7 67.057
0 -0.1 -1.2 43.1162
0 -0.1 -1.5 3.03339
0 0 -1.3 54.8124
0 0 -1.2 18.5035
0 0 -1.4 46.3889
0 0.1 -1.5 26.9034
0 -0.2 -1.6 28.6135
0 -0.3 -1.7 31.2828
0 -0.2 -1.5 50.3054
0 -0.1 -1.4 46.334
0 -0.5 -1.2 4.31532
0 -0.3 -1.2 42.6779
0 -0.2 -1.3 39.3751
0 -0.3 -1.6 49.1019
0 -0.1 -1.3 10.8138
0 -0.1 -1.7 62.9734
0 -0.2 -1.2 40.5187
0 -0.4 -1.3 6.87545
0 -0.2 -1.1 44.6774
0 -0.4 -1.2 23.7847
0 -0.2 -0.9 25.3559
0 0.2 -1.3 60.8256
0 0.2 -1.2 61.4938
0 -0.6 -1.7 51.8329
0 -0.4 -1.1 45.7919
0 -0.3 -1.3 57.2657
0 0.2 -1.5 26.7976
0 -0.2 -1.7 76.5854
0 3 0.7 1e-08
0 2.3 2.2 1e-08
0 -1.7 0.3 1e-08
0 0.8 1.6 1e-08
0 2.8 1.1 1e-08
0 0.5 2.1 1e-08
0 0.5 -1.7 1e-08
0 0.3 0 1e-08
0 0.9 1.3 1e-08
0 2 1.8 1e-08
0 2.1 2.8 1e-08
0 -0.1 -2.3 1e-08
0 0.3 0.2 1e-08
0 -0.2 3 1e-08
0 -0.7 0.1 1e-08
0 -1.4 -1.4 1e-08
0 -0.2 -0.5 1e-08
0 -1.4 3 1e-08
0 1.7 -1 1e-08
0 0 -0.8 1e-08
0 -1.9 -1.2 1e-08
0 2.8 1.4 1e-08
0 2.4 2.7 1e-08
0 -1.6 -1.8 1e-08
0 1.6 -0.1 1e-08
0 1.5 3.1 1e-08
0 1.9 2.6 1e-08
0 -2.6 -2.9 1e-08
0 1.2 1.4 1e-08
0 -1.7 2.7 1e-08
0 2.9 0.7 1e-08
0 -0.5 -0.7 1e-08
0 2 -2.1 1e-08
0 1.3 2.5 1e-08
0 -0.4 1.4 1e-08
0 -0.8 -1.2 1e-08
0 -2.2 2.1 1e-08
0 -1.4 1.3 1e-08
0 2.1 -0.4 1e-08
0 1 0.8 1e-08
0 -2.4 0.6 1e-08
0 -2.6 -2.6 1e-08
0 0.6 -1 1e-08
0 0.9 -1.8 1e-08
0 -1.7 -2.6 1e-08
0 1.8 -0.7 1e-08
0 -2.7 -2.3 1e-08
0 0.8 1.9 1e-08
0 -1.3 -0.7 1e-08
0 -2.6 2.4 1e-08
0 1.7 0.5 1e-08
0 -1.3 -2.9 1e-08
0 -2.3 -3 1e-08
0 1.9 0.1 1e-08
0 -1.1 -2.8 1e-08
0 2.7 1.1 1e-08
0 0.2 -2 1e-08
0 2.2 1.6 1e-08
0 2.5 -3 1e-08
0 1 2.2 1e-08
0 1 -2 1e-08
0 1.2 2.2 1e-08
0 2.6 2.9 1e-08
0 -1.7 -2.4 1e-08
0 1.8 -0.9 1e-08
0 0.7 0.5 1e-08
0 0.3 -1 1e-08
0 -0.2 0 1e-08
0 2.5 -2.9 1e-08
0 3 1.4 1e-08
0 1.8 0.9 1e-08
0 -2.1 3 1e-08
0 1.1 -0.5 1e-08
0 2.5 -2.2 1e-08
0 1.6 -0.1 1e-08
0 0.6 -0.9 1e-08
0 -0.9 1.4 1e-08
0 2.1 1.5 1e-08
0 2.8 2.7 1e-08
0 1.7 -2.4 1e-08
0 0.5 2.5 1e-08
0 0.8 2.5 1e-08
0 -0.4 0.6 1e-08
0 -1.7 1.5 1e-08
0 1.1 1 1e-08
0 -1.9 0.4 1e-08
0 2.9 0.7 1e-08
0 1.8 -1.5 1e-08
0 1.9 -2.4 1e-08
0 0.1 -1.2 1e-08
0 3 3.1 1e-08
0 0.5 2 1e-08
0 2.3 1 1e-08
0 1.4 1.8 1e-08
0 -0.5 0.6 1e-08
0 1.4 2.6 1e-08
0 0.2 -0.3 1e-08
0 -0.5 -2.4 1e-08
0 3 0.3 1e-08
0 -2.7 -2.5 1e-08
0 0 -2 1e-08
0 -1.6 0 1e-08
0 2.4 0.8 1e-08
0 2 1.1 1e-08
0 -2.5 -2.1 1e-08
0 1.6 -0.1 1e-08
0 2.5 -2.6 1e-08
0 2.7 2.3 1e-08
0 2.5 1.5 1e-08
0 -2.9 2.4 1e-08
0 0.5 2.4 1e-08
0 1.1 0.9 1e-08
0 -0.2 -2.4 1e-08
0 2.5 2.6 1e-08
0 0.4 1 1e-08
0 1.5 0.5 1e-08
0 2 -1.9 1e-08
0 -0.7 3 1e-08
0 1.7 -0.3 1e-08
0 -2.1 0.5 1e-08
0 2.4 2.2 1e-08
0 0.8 2.8 1e-08
0 -0.8 1.8 1e-08
0 -1.5 2 1e-08
0 0.6 0.6 1e-08
0 -2.4 -2.7 1e-08
0 -0.8 1.5 1e-08
0 -1.9 1.2 1e-08
0 0 1.9 1e-08
0 -2.1 0.6 1e-08
0 -0.8 -0.2 1e-08
0 -2.9 -1.2 1e-08
0 1.2 2.5 1e-08
0 -0.8 -0.2 1e-08
0 1.9 1.6 1e-08
0 1.5 1.5 1e-08
0 -0.6 0.1 1e-08
0 1.2 2.6 1e-08
0 -1.7 0.8 1e-08
0 2.1 1 1e-08
0 2.9 0 1e-08
0 1.4 2.4 1e-08
0 0.4 2 1e-08
0 -1.6 -2.6 1e-08
0 2.2 2.1 1e-08
0 -0.9 0.3 1e-08
0 1.4 -1.8 1e-08
0 1.3 2.2 1e-08
0 2.8 1.9 1e-08
0 0.4 3 1e-08
0 0.4 0.8 1e-08
0 1.3 2 1e-08
0 0.1 0.5 1e-08
0 0.3 2 1e-08
0 2.3 1.4 1e-08
0 0 2.7 1e-08
0 -1 -1.2 1e-08
0 -0.1 2.7 1e-08
0 2.9 -1.1 1e-08
0 1.6 2.9 1e-08
0 1.4 -1.4 1e-08
0 2.4 1.4 1e-08
0 0.7 0.4 1e-08
0 1.1 -0.3 1e-08
0 -1 -0.6 1e-08
0 -0.2 -1 1e-08
0 -1.4 -2.4 1e-08
0 1.3 2.9 1e-08
0 0.7 2.2 1e-08
0 1.7 1.5 1e-08
0 2.4 -2.5 1e-08
0 2.4 0.4 1e-08
0 -0.6 -1.2 1e-08
0 -0.2 2.6 1e-08
0 -0.9 -1.2 1e-08
0 2.5 -2.3 1e-08
0 2.9 -2.9 1e-08
0 2.2 0 1e-08
0 -2 3.1 1e-08
0 2.3 -1.8 1e-08
0 0.7 -0.6 1e-08
0 0.7 1.6 1e-08
0 2.9 0.1 1e-08
0 0.7 -1.6 1e-08
0 -1.9 0.4 1e-08
0 -2.1 -0.2 1e-08
0 1.6 2.9 1e-08
0 -1.8 2.2 1e-08
0 1.4 1.2 1e-08
0 -0.1 -0.4 1e-08
0 -1.9 1.4 1e-08
0 -0.2 3 1e-08
0 0 0.3 1e-08
0 0.9 -1.3 1e-08
0 0.9 2.5 1e-08
0 -1.5 0.6 1e-08
0 0.9 3.1 1e-08
0 0.8 0.9 1e-08
0 -2 2.8 1e-08
1 1.8 -1.9 69.413
1 1.7 -2.2 83.2082
1 1.9 -2 96.2125
1 2 -1.9 59.5279
1 2.1 -2 58.5438
1 2.2 -2.2 41.7732
1 1.8 -2.6 36.7822
1 2.1 -2.3 12.1495
1 2 -2.4 75.2866
1 2.1 -2.2 47.3281
1 2.4 -2.6 25.6824
1 2.2 -1.9 41.9903
1 1.9 -2.2 68.5406
1 2.2 -2 85.0155
1 2 -2.1 25.1012
1 1.9 -2.1 43.4233
1 2.2 -2.5 43.8249
1 1.4 -2.5 30.886
1 1.9 -1.9 37.915
1 1.8 -2.1 55.688
1 1.8 -2.5 43.9195
1 2.1 -1.7 58.0105
1 1.7 -2.1 33.6068
1 1.8 -2.2 37.2303
1 1.5 -2.3 25.7452
1 2.2 -2.3 46.3376
1 2 -2.3 27.8104
1 1.8 -2 11.6867
1 2.2 -2.1 37.6982
1 2 -2.2 24.0293
1 2.1 -2.1 68.7352
1 1.7 -2.4 74.2015
1 1.8 -2.3 42.1751
1 2 -2.6 39.4973
1 2.4 -2.2 58.4981
1 0.5 -2.3 96.0454
1 0.4 -2.3 96.6324
1 0.6 -2.5 119.961
1 0.6 -2.7 71.6987
1 0.4 -2.5 43.5384
1 0.7 -2.6 13.5055
1 0.1 -2.6 34.4187
1 0.6 -2.6 2.80486
1 0.5 -2.8 51.3475
1 0.7 -2.5 8.1802
1 1 -2.7 46.8112
1 0.4 -2.6 44.1039
1 0.6 -2.3 7.16968
1 0.5 -2.5 36.2471
1 0.7 -2.9 37.2947
1 0.4 -2.7 40.1634
1 0.5 -2.6 38.6122
1 0.4 -3 64.0228
1 0.7 -2.3 56.8358
1 0.7 -2.7 32.0515
1 0.8 -2.6 58.5936
1 0.7 -2.8 49.9107
1 0.8 -3 78.2091
1 0.6 -2.9 67.6899
1 0.3 -2.7 24.9181
1 0.8 -2.4 82.8997
1 0.8 -2.7 46.0725
1 1.9 2.3 77.9805
1 2 2.7 112.123
1 2.2 2.8 89.0844
1 1.9 2.2 8.35134
1 1.8 2.4 2.31613
1 1.8 2.5 16.9689
1 2.1 2.5 37.5245
1 2.1 2.8 58.0437
1 2.2 2.3 25.0227
1 1.8 2.6 31.0134
1 2 2.1 18.3654
1 2.1 2.4 6.16433
1 2.2 2.5 29.9683
1 2 2.8 43.4576
1 1.9 2.5 15.6745
1 1.6 2.5 84.8827
1 1.8 2.3 0.924881
1 2 2.4 37.1088
1 2.2 2.2 33.0492
1 2.1 2.2 64.7872
1 1.7 2.8 39.2544
1 1.9 2.7 38.0648
1 1.5 2.5 68.5066
1 2 2.5 25.5873
1 2 2.2 65.8114
1 2.3 2.7 33.5226
1 2 2.6 25.8245
1 2.1 2.7 40.604
1 2.2 3 111.758
1 2.2 2.4 107.082
1 2.3 2.4 105.914
1 1.9 2.6 20.235
1 1.7 2 27.0691
1 1.7 2.5 86.2789
1 2.4 2.4 60.4065
1 2 2.3 56.1652
1 2.1 2.6 52.4459
1 1.8 2.7 12.2187
1 2.2 2 72.4453
1 2.3 2.3 40.3617
1 1.8 2.2 23.0815
1 1.6 2.3 32.0614
1 1.9 2.4 37.3953
1 1.8 2.8 28.7015
1 2.3 2.5 8.45787
1 2 3 30.2007
1 2.2 2.7 40.915
1 1.9 2.8 23.6969
1 1.5 2.8 63.784
1 2.5 2.4 23.4263
1 2.4 2.5 11.4332
1 1.7 2.4 36.4213
1 2.2 2.6 29.8058
1 1.7 2.3 41.352
1 2.5 2.6 20.9079
1 2.1 2.3 46.1424
1 1.7 2.1 48.6995
1 2.3 2.6 59.8554
1 1.8 2.9 13.3765
1 2 2.9 55.358
1 2.5 2.7 0.906557
1 1.7 2.9 49.1617
1 2.2 2.9 81.6899
1 -1.5 -0.9 103.268
1 -1.4 -1.2 111.79
1 -1.6 -1.5 113.894
1 -1.2 -0.9 73.0836
1 -1.6 -0.9 39.0608
1 -1.3 -0.9 44.0258
1 -1.4 -1.4 82.9293
1 -1.3 -1.2 33.034
1 -1.2 -1 37.3561
1 -1.3 -0.8 31.6017
1 -1.6 -1.2 21.385
1 -1.3 -0.7 0.945566
1 -1.3 -1.4 31.868
1 -1 -1 47.1713
1 -1.3 -1.1 42.0789
1 -1.6 -1.1 50.4516
1 -1.1 -1.3 36.0771
1 -1.6 -1 53.0994
1 -0.8 -1.2 20.4984
1 -1.4 -0.8 34.2894
1 -1.1 -1.2 37.4293
1 -1.5 -0.7 43.9751
1 -1.3 -1.3 61.607
1 -1.6 -0.8 57.7989
1 -1.2 -1.3 51.6096
1 -0.3 -0.7 106.421
1 -0.8 -0.9 118.34
1 -0.7 -0.7 108.358
1 -0.1 -0.6 39.4766
1 -0.5 -0.9 31.434
1 0.1 -0.7 5.38126
1 -0.7 -1 39.728
1 -0.9 -0.7 46.3548
1 -0.7 -0.5 27.9413
1 -0.4 -0.5 31.1453
1 -0.7 -0.8 8.30125
1 -0.7 -1.1 75.7436
1 -0.4 -0.4 34.7121
1 -0.3 -0.4 12.1979
1 -0.4 -1.2 30.2423
1 -0.4 -0.6 62.9593
1 -0.6 -1.2 61.3584
1 -0.5 -0.8 47.9618
1 -0.8 -0.8 16.1911
1 -0.2 -0.8 21.0179
1 -0.5 -0.6 29.8803
1 -0.4 -1 61.8051
1 -0.3 -1.1 43.0315
1 -0.2 -0.7 46.4276
1 0 -0.8 28.6358
1 -0.2 -0.5 25.3169
1 -0.2 -0.9 52.5363
1 -0.1 -0.9 24.0162
1 -0.5 -0.4 37.5906
1 -0.3 -0.8 19.2713
1 -0.1 -0.7 64.9917
1 -0.3 -1 97.574
1 -0.4 -1.6 118.69
1 -0.3 -1.2 66.5012
1 -0.8 -1 8.44182
1 -0.4 -1.5 43.7384
1 -0.5 -1.2 15.0696
1 -0.2 -1.4 66.0197
1 -0.2 -1.5 39.2881
1 -0.6 -1.5 45.8907
1 -0.5 -1.6 73.4209
1 -0.5 -1.4 35.5786
1 -0.5 -1 16.5178
1 -0.1 -1.2 32.1857
1 -0.5 -1.5 65.2474
1 -0.4 -1.4 35.227
1 -0.2 -1.1 34.8308
1 -0.5 -1.8 16.964
1 -0.8 -1.5 67.3753
1 -0.7 -1.2 37.4939
1 -0.3 -0.9 59.3605
1 0 -1 44.5581
1 -0.3 -1.6 36.785
1 -0.2 -1.7 69.6929
1 -0.2 -1.2 25.375
1 -0.1 -1.3 38.8645
1 -0.1 -1.4 74.3253
1 -0.7 -1.5 31.6241
1 0.1 -1.3 48.6633
1 1.5 -1.8 79.9893
1 1.5 -2 101.588
1 1.7 -2.3 115.862
1 1.3 -1.8 18.922
1 1.7 -2 12.1598
1 0.9 -2 56.6905
1 1.6 -2.2 37.2853
1 1.9 -2.3 31.6875
1 1.7 -1.9 72.7339
1 1.6 -2.5 25.9773
1 1.3 -2 48.6699
1 1.3 -2.5 70.7307
1 1.7 -1.8 32.2422
1 1.4 -2.1 92.0136
1 2.3 -2.2 36.2532
1 1.4 -1.6 22.5918
1 1.3 -1.9 28.7138
1 2.1 -1.9 39.8581
1 1.7 -1.6 39.657
1 1.3 -2.3 28.1145
1 1.7 -2.7 35.9138
1 1.3 -2.2 31.6141
1 1.3 -2.1 0.828583
1 1.6 -1.5 46.0348
1 2.1 -1.8 23.3283
1 1.1 -2.3 23.4671
1 1.1 -2 52.0984
1 1.6 -2.6 50.4456
1 1.9 -1.8 41.0478
1 1.7 -2.6 2.91668
1 0.9 -2.5 69.6391
1 1.1 -2.1 53.0672
1 -1.4 -2.7 106.988
1 -1.4 -2.5 132.25
1 -1.6 -2.8 109.793
1 -1.6 -2.7 29.1353
1 -1.4 -2.6 39.7415
1 -1.4 -2.8 28.2612
1 -2 -2.6 35.3538
1 -1.4 -3 46.9606
1 -1.3 -2.6 79.1265
1 -1.6 -3.1 32.6104
1 -1.8 -2.6 67.5088
1 -1.8 -2.8 55.8563
1 -1.3 -2.7 74.6423
1 -2 -2.9 37.9232
1 -1.8 -2.3 41.9307
1 -1.3 -3.2 44.0215
1 -1.6 -3 34.8414
1 -1.7 -2.4 40.0382
1 -1.8 -2.9 28.4024
1 -1.9 -2.8 47.895
1 -1.4 -2.3 90.779
1 -1.2 -3 1.03634
1 -1.3 -3 44.0257
1 -1.8 -3.2 30.0199
1 -1.6 -2.3 59.1133
1 -2.1 -2.4 13.6286
1 -1.3 -2.3 30.3047
1 -1.6 -2.1 39.2297
1 -1.6 -2.2 39.4093
1 -1.4 -2.2 39.4086
1 -1.2 -3.2 50.0946
1 -1 -2.8 9.04029
1 -1.4 -0.2 87.0915
1 -1.1 -0.1 95.2792
1 -0.9 -0.2 90.471
1 -1.1 -1 60.6795
1 -1 -0.2 45.911
1 -0.8 0 3.87222
1 -0.7 -0.2 6.56917
1 -0.2 -0.4 49.768
1 -1.1 -1.1 24.6433
1 -0.6 -0.1 21.3147
1 -0.5 -0.3 38.5688
1 -1 0 29.9717
1 -1.1 0 45.1711
1 -1.7 -0.2 20.4367
1 -1.4 0 34.1195
1 -1.3 0 86.8512
1 -1.6 0 54.7775
1 -1.1 0.2 18.1257
1 -0.9 0 34.8013
1 -1.6 -0.2 39.7896
1 -0.7 0 43.4508
1 -0.4 -0.2 26.6578
1 -0.5 0 12.2279
1 -1.1 0.1 47.9755
1 -0.5 -0.1 24.5052
1 -1 0.1 32.4695
1 -1.9 -0.5 25.8626
1 -1.3 0.1 46.4668
1 -0.8 0.1 27.0758
1 2.7 -0.5 1e-08
1 -0.9 2.4 1e-08
1 2.4 -1 1e-08
1 -1.7 -1.5 1e-08
1 0.4 -1.1 1e-08
1 -0.3 1.9 1e-08
1 0.8 2.4 1e-08
1 0.6 1.6 1e-08
1 1.6 2.9 1e-08
1 -0.5 1.7 1e-08
1 2.9 2.6 1e-08
1 -1.4 -2.5 1e-08
1 0.3 0.3 1e-08
1 -0.1 -1.8 1e-08
1 2 2 1e-08
1 0.2 -0.1 1e-08
1 0.1 -2.4 1e-08
1 0.5 0.8 1e-08
1 -0.6 1.6 1e-08
1 -2.4 -0.6 1e-08
1 2.3 0.9 1e-08
1 -0.1 2.6 1e-08
1 -0.8 0.8 1e-08
1 1.2 0.2 1e-08
1 -1.1 0.7 1e-08
1 1 -0.2 1e-08
1 0.9 1.8 1e-08
1 -0.7 2.6 1e-08
1 0.9 -0.9 1e-08
1 -2.4 -1.8 1e-08
1 -0.7 1.7 1e-08
1 -2.1 0.6 1e-08
1 1.7 0 1e-08
1 -1.8 1 1e-08
1 0.9 1.5 1e-08
1 2.4 0.2 1e-08
1 -2.1 -2.4 1e-08
1 2.5 -0.7 1e-08
1 1.7 2.7 1e-08
1 -1.9 -1.1 1e-08
1 -0.4 1.2 1e-08
1 0.3 0.8 1e-08
1 -0.6 1.3 1e-08
1 2.4 -0.2 1e-08
1 -2.9 1.8 1e-08
1 1.8 0.2 1e-08
1 0.4 0.7 1e-08
1 1.4 -2.6 1e-08
1 0.1 -1.8 1e-08
1 0.7 -0.3 1e-08
1 -0.3 -2 1e-08
1 -2.7 0.1 1e-08
1 -2.1 0 1e-08
1 -0.2 0.8 1e-08
1 -0.7 1.9 1e-08
1 -2.3 -2.7 1e-08
1 0.5 1.5 1e-08
1 1.1 -2.6 1e-08
1 2 1.6 1e-08
1 0.8 -1.1 1e-08
1 -2.3 -2.6 1e-08
1 1.8 0 1e-08
1 0.9 -1.8 1e-08
1 -0.3 2.4 1e-08
1 -1.1 2.1 1e-08
1 2.7 3 1e-08
1 -0.3 2.5 1e-08
1 0.4 2.8 1e-08
1 -1.7 -3 1e-08
1 -1.3 2.8 1e-08
1 -1.5 1 1e-08
1 1 -2.9 1e-08
1 -1.9 -0.5 1e-08
1 0.1 -1.8 1e-08
1 -0.3 -1.8 1e-08
1 0.8 -1.2 1e-08
1 -0.4 0.1 1e-08
1 2.3 -1.3 1e-08
1 -2.1 -2.7 1e-08
1 -2.5 0.2 1e-08
1 3 1.5 1e-08
1 -0.7 1.2 1e-08
1 -1.9 -1 1e-08
1 0.6 2.4 1e-08
1 1.3 -1.1 1e-08
1 3 -1.7 1e-08
1 -0.2 0.1 1e-08
1 2.4 1.2 1e-08
1 0.2 -0.4 1e-08
1 2.5 -2.8 1e-08
1 2.7 -0.1 1e-08
1 2.4 2.8 1e-08
1 2.9 2.5 1e-08
1 1.1 -3 1e-08
1 2.6 1.1 1e-08
1 1.5 0.2 1e-08
1 -0.6 3.1 1e-08
1 -1.7 -1.4 1e-08
1 0.9 -0.2 1e-08
1 2.5 1.5 1e-08
1 -0.3 3.1 1e-08
1 1.1 -1.8 1e-08
1 0.2 1.4 1e-08
1 2.3 -0.2 1e-08
1 -1.7 -1.5 1e-08
1 0.5 1.5 1e-08
1 1.1 1.8 1e-08
1 -0.4 -1.8 1e-08
1 1.7 -1 1e-08
1 -0.4 2.6 1e-08
1 -2.8 -2 1e-08
1 1.4 1.5 1e-08
1 1.3 2.5 1e-08
1 1.6 1.7 1e-08
1 0.8 -0.2 1e-08
1 -1.6 -1.7 1e-08
1 -0.2 3 1e-08
1 0.3 -0.1 1e-08
1 -0.5 1.1 1e-08
1 1.8 0.9 1e-08
1 -0.1 -0.4 1e-08
1 1.1 -0.5 1e-08
1 2.9 -2.5 1e-08
1 2.2 0.8 1e-08
1 0.6 1.3 1e-08
1 1.1 1.8 1e-08
1 -1.9 -1.2 1e-08
1 -1.1 2.3 1e-08
1 1.2 2.5 1e-08
1 2.4 0.1 1e-08
1 -2.6 0 1e-08
1 1.9 1.1 1e-08
1 -2.3 -1 1e-08
1 -2.9 -2.4 1e-08
1 1.9 -0.4 1e-08
1 1.5 1.2 1e-08
1 -1.6 1.6 1e-08
1 1.6 2.8 1e-08
1 1.7 2.2 1e-08
1 2.8 0 1e-08
1 -2 -2.1 1e-08
1 2.3 0.9 1e-08
1 1 -2.3 1e-08
1 2.9 -1.2 1e-08
1 -2.9 2.4 1e-08
1 -0.9 0.2 1e-08
1 3 -1.7 1e-08
1 -0.8 1.6 1e-08
1 1.6 -1.4 1e-08
1 -1.7 -1.6 1e-08
1 2.6 0.9 1e-08
1 -1.4 3.1 1e-08
1 3 -1.6 1e-08
1 -1.9 2.2 1e-08
1 1 -0.3 1e-08
1 2.7 0.7 1e-08
1 -0.3 1.4 1e-08
1 0.4 -0.6 1e-08
1 0.3 -0.4 1e-08
1 -0.1 -1.5 1e-08
1 -2.3 -0.7 1e-08
1 0.8 1.4 1e-08
1 -0.2 1 1e-08
1 -0.4 -2.9 1e-08
1 0.9 0.2 1e-08
1 -2.4 -0.4 1e-08
1 1.5 0.3 1e-08
1 -2.4 0 1e-08
1 -0.4 -2.7 1e-08
1 2.8 3 1e-08
1 1 0.2 1e-08
1 -0.4 2.9 1e-08
1 -1.8 -2.3 1e-08
1 -0.4 -2.6 1e-08
1 2.2 -0.1 1e-08
1 1.5 0.6 1e-08
1 -1.4 -2.4 1e-08
1 -1.4 2.3 1e-08
1 0 1.3 1e-08
1 2.3 -0.7 1e-08
1 -2.7 1.3 1e-08
1 0.9 1.6 1e-08
1 1 -0.9 1e-08
1 -2.2 3 1e-08
1 1.8 -1 1e-08
1 0.4 -0.2 1e-08
1 -0.4 0.2 1e-08
1 -1.7 -1.2 1e-08
1 -0.7 -2.2 1e-08
1 2.2 -1.4 1e-08
1 1.4 -2.8 1e-08
1 2.5 1.4 1e-08
1 1.3 -0.6 1e-08
1 1.7 -1.3 1e-08
1 2.9 2.5 1e-08
1 -2.6 -0.8 1e-08
1 -1.7 2.8 1e-08
1 2.5 1.2 1e-08
1 2.5 -2.6 1e-08
1 0.6 -0.6 1e-08
1 2.3 1.4 1e-08
1 -1.4 2.6 1e-08
1 0.9 -1.8 1e-08
1 0.9 0.7 1e-08
1 1.2 3 1e-08
1 0.4 2.6 1e-08
1 -0.2 2.5 1e-08
1 -0.7 -2.7 1e-08
1 -0.1 0.8 1e-08
1 3 -1 1e-08
1 -0.2 1.3 1e-08
1 -2.5 0.1 1e-08
1 -0.8 1 1e-08
1 0.9 -0.3 1e-08
1 0.6 -0.7 1e-08
1 0 1.6 1e-08
1 -0.7 -2.5 1e-08
1 2.4 -1.1 1e-08
1 -1.3 1.6 1e-08
1 0.1 -0.4 1e-08
1 2.2 -1.5 1e-08
1 -0.4 -2.5 1e-08
1 -1 1 1e-08
1 1.8 -0.4 1e-08
1 2.9 0.2 1e-08
2 2.4 -2.9 131.731
2 1.7 -2.4 79.4454
2 2.4 -2.8 96.8423
2 2.4 -2.6 29.6413
2 2.1 -2.6 27.3021
2 2.6 -2.6 36.5194
2 2.1 -2.3 0.864257
2 2.2 -2.6 83.3724
2 2.6 -2.7 22.6428
2 2.2 -2.7 8.81167
2 2.3 -2.8 24.8805
2 2.3 -2.9 58.7052
2 2.3 -3.1 42.063
2 2.2 -3 31.6345
2 2.3 -2.6 27.1011
2 2.1 -3 52.1568
2 2.2 -2.5 37.9919
2 2 -2.6 12.6521
2 2.3 -2.7 53.5095
2 2 -2.8 45.7155
2 2.4 -2.5 29.9903
2 2.2 -3.5 35.0246
2 2.1 -2.5 40.3981
2 2 -2.4 18.7553
2 2.2 -2.8 98.2139
2 2.1 -2.7 44.024
2 2.4 -2.7 22.9661
2 1.9 -2.6 41.2879
2 1.9 -3 33.7548
2 2.5 -3 3.67963
2 2.1 -2.8 36.056
2 2.1 -2.2 91.0207
2 1.7 -2.8 22.7759
2 2.6 -2.8 21.1327
2 2.3 -2.4 45.6501
2 2.5 -2.4 60.0527
2 -2 -1.1 98.0458
2 -1.6 -1.4 73.8706
2 -1.8 -1.1 83.4777
2 -1.6 -1.3 31.8778
2 -1.5 -1.7 17.8573
2 -1.8 -1.4 51.1841
2 -1.4 -1.6 58.2937
2 -1.8 -1.3 17.8621
2 -1.7 -1.5 25.9615
2 -1.6 -1.2 56.3961
2 -1.8 -1.2 10.9592
2 -1.4 -1 39.2889
2 -1.6 -1 29.2455
2 -1 -1.5 79.8525
2 -1.2 -1 35.5057
2 -2 -1.2 42.1872
2 -1.5 -1.2 42.5152
2 -1.3 -1.4 38.8676
2 -1.7 -1.6 40.2489
2 -1.6 -1.5 49.8335
2 -1.3 -1.1 51.1637
2 -1.3 -1.2 37.2756
2 -1.5 -2 71.0346
2 -2 -1.4 34.8816
2 -1.6 -1.7 63.8954
2 -1.1 -1.5 49.4235
2 -1.3 -1.5 22.3408
2 -1.9 -1.5 76.3975
2 -1.2 -1.5 34.9836
2 -1.3 -1.8 71.9038
2 -1.9 -1.6 26.0027
2 -1.4 -1.8 5.20404
2 -1.5 -0.8 132.08
2 -1.3 -0.9 68.9781
2 -1.2 -1.2 114.985
2 -1.2 -0.9 37.273
2 -1 -1 44.3358
2 -1.6 -0.5 52.4813
2 -1.2 -0.6 15.3418
2 -1.4 -0.7 29.6629
2 -1.5 -0.5 53.634
2 -1.6 -0.9 32.1103
2 -1.3 -0.7 45.9435
2 -1.1 -0.8 5.99762
2 -1.5 -0.6 43.5987
2 -1.3 -0.8 76.9018
2 -1.1 -0.9 33.443
2 -1 -0.6 25.7426
2 -1.6 -0.7 15.8965
2 -1.1 -1.1 63.0563
2 -1.3 -0.3 29.9252
2 -1.6 -0.6 34.2044
2 -1.4 -0.4 41.1945
2 -1.3 -0.6 9.444
2 -0.9 -1 70.8774
2 -1.2 -0.7 28.4437
2 -1.1 -1 39.5639
2 -1.2 -0.8 9.95958
2 -1 -1.1 28.9703
2 -1.6 -0.8 59.4733
2 1.6 -0.3 109.031
2 1.7 0 84.0394
2 1.4 -0.3 130.255
2 1.6 0.3 18.7479
2 1.6 0.1 67.3446
2 1.3 0.1 77.9546
2 1.8 -0.2 42.5478
2 1.5 0.1 2.64902
2 2.1 0 50.5067
2 2 -0.3 23.9388
2 1.7 0.2 78.452
2 2 0 9.50209
2 1.4 -0.1 45.7992
2 1.6 -0.2 59.831
2 1.9 -0.1 23.1215
2 1.5 -0.2 80.7103
2 1.6 0.2 34.9813
2 1.7 0.1 41.3757
2 1.8 0.4 24.1962
2 1.9 0 6.6042
2 1.7 -0.2 70.5283
2 1.9 -0.2 32.2288
2 1.9 0.1 21.0336
2 2.1 -0.4 17.8957
2 2.2 -0.1 53.7208
2 2 -0.1 20.7425
2 1.2 0.1 23.1942
2 2 0.1 57.6126
2 1.9 -0.3 85.3074
2 1.8 0 64.4982
2 1.6 -0.5 92.0275
2 1.8 0.1 61.3657
2 1.7 -0.3 55.3709
2 2 -0.6 11.9277
2 1.9 -0.4 16.8892
2 1.6 -0.1 59.3108
2 2.2 0.1 41.9534
2 1.8 -0.4 75.3611
2 1.6 -0.4 11.3598
2 2 -0.7 42.8091
2 1.9 -0.6 46.1451
2 2.1 -0.6 33.8335
2 1.9 -0.5 45.7851
2 2 -0.2 36.0278
2 2.1 -0.2 0.0252746
2 1.6 0 35.3991
2 1.8 -0.5 26.7535
2 2.1 -0.3 53.3594
2 1.5 -0.3 59.0477
2 1.7 -1 42.6622
2 1.7 -0.5 13.1834
2 1.6 -0.7 60.6037
2 1.7 -0.6 37.3945
2 1.9 -0.7 55.3344
2 1.6 -0.6 47.6694
2 1.7 -0.1 59.3923
2 1.4 -0.2 67.0757
2 1.5 -0.5 21.4893
2 2 -0.4 51.5612
2 0.1 0.1 124.423
2 0.4 0.4 73.1133
2 0.7 -0.1 98.4557
2 0.7 0.1 53.4362
2 0.4 0.3 14.2422
2 0.2 -0.2 51.2227
2 0.3 0.1 44.0647
2 0.5 -0.1 49.5441
2 0.4 0.2 9.88991
2 0.5 0 48.435
2 0.6 -0.1 41.9635
2 0.3 -0.1 70.0031
2 0.1 0 42.0328
2 0.4 -0.1 16.5852
2 0.7 0 48.82
2 0.1 -0.1 10.4459
2 0.3 -0.2 41.6578
2 0.6 0 22.1942
2 0.6 0.3 15.0866
2 0.3 0.4 43.4674
2 0.5 0.1 34.9902
2 0.4 -0.2 49.5759
2 0.5 -0.2 49.8666
2 0.3 0 12.0643
2 0.8 0 13.3706
2 0.6 -0.2 55.6697
2 0.6 0.1 45.5909
2 0.6 0.2 51.3841
2 1 0.3 55.1288
2 0.2 0.1 37.4573
2 0.2 -0.1 69.8918
2 0.2 -0.3 52.5002
2 0.7 0.2 43.116
2 0.4 0 55.4161
2 0.8 0.4 50.3739
2 -1.4 0.3 91.833
2 -1.9 0 128.534
2 -1.5 0 105.422
2 -1.3 -0.5 49.3599
2 -1.4 -0.2 41.4777
2 -1.3 -0.2 27.5397
2 -1 0.2 32.1726
2 -1.8 0 42.2832
2 -1.2 -0.2 59.2708
2 -1.5 0.4 28.9436
2 -1.4 0.1 64.2796
2 -1.4 0.2 59.8579
2 -1.6 -0.2 65.9263
2 -1.3 0 51.5749
2 -1.2 -0.3 74.0631
2 -1.7 -0.2 26.5441
2 -1.2 -0.1 7.2406
2 -1.2 0.1 57.4726
2 -1.2 0 48.0365
2 -1.6 0.1 85.0424
2 -1.1 0.3 10.9691
2 -1.1 -0.1 42.2022
2 -1.3 0.2 41.5198
2 -1.3 0.4 82.944
2 -0.7 -0.7 83.4358
2 -0.8 -0.8 118.768
2 -0.4 -0.7 128.666
2 -0.4 -0.5 53.9224
2 -0.8 -0.6 16.9975
2 -0.9 -0.8 56.2938
2 -0.3 -0.8 73.16
2 -0.6 -0.6 30.2307
2 -0.4 -1.1 31.5076
2 -0.8 -0.5 103.358
2 -0.3 -0.9 87.7208
2 -0.5 -0.8 24.4578
2 -0.7 -0.8 73.4864
2 -0.7 -1.1 61.7904
2 -0.3 -0.5 40.2993
2 -0.6 -0.9 56.3007
2 -0.2 -0.6 87.971
2 -0.2 -1 47.3471
2 -0.4 -1 25.4902
2 -0.9 -0.9 46.2169
2 -0.5 -0.2 33.8482
2 -0.5 -1.2 52.5547
2 -0.3 -0.7 70.6887
2 -0.8 -0.9 15.1894
2 -0.2 -0.9 35.1002
2 -0.3 -1 65.1359
2 -0.8 -1.1 44.5123
2 -0.5 -0.6 55.5978
2 -0.4 -0.8 60.2436
2 -0.6 -1.2 94.2007
2 -0.2 -1.1 23.2943
2 -0.2 -1.2 32.6603
2 -0.2 -0.5 33.2118
2 -0.1 -1.2 10.1332
2 -0.4 -0.6 80.3942
2 -1.1 -0.5 4.19076
2 -0.2 -0.7 40.61
2 -0.4 -1.3 62.16
2 1.1 -2.7 84.3891
2 1.4 -2.6 111.502
2 1.3 -2.6 111.399
2 1.2 -2.9 38.0873
2 1.1 -2.6 16.635
2 1.1 -2.5 18.926
2 1.2 -2.7 49.2385
2 1.1 -2.8 32.7074
2 1.3 -2.7 34.194
2 1.2 -2.8 21.0227
2 0.9 -2.4 41.5328
2 1.1 -2.3 64.3054
2 1.4 -2.7 41.0622
2 1 -2.8 31.7218
2 1.4 -2.8 36.8821
2 1.3 -2.5 45.1939
2 0.9 -2.8 55.5032
2 1.3 -2.8 39.6871
2 1.5 -2.7 46.0143
2 1 -2.7 15.4557
2 0.8 -3 10.8624
2 1.3 -2.9 42.3026
2 1.3 -3.2 79.7148
2 1.3 -2.3 20.6613
2 0.9 -3 31.7764
2 1.4 -2.4 58.5359
2 1.8 -2.7 70.9497
2 1.5 -3 62.5196
2 1.4 -2.9 19.4921
2 1.8 -2.8 27.445
2 1.5 -2.8 23.2052
2 -0.4 2.3 65.7654
2 -0.4 2.2 102.492
2 -0.4 2.1 89.0523
2 -0.5 2.4 47.4
2 -0.2 2.3 36.771
2 -0.3 2.2 37.7724
2 -0.3 2.7 47.7277
2 0.2 2.4 57.1397
2 -0.4 2.6 40.2734
2 -0.2 2.2 3.15011
2 -0.3 2.3 48.1178
2 -0.4 2 35.6722
2 -0.2 2.4 65.5871
2 -0.4 2.4 32.7192
2 -0.2 2.1 10.4077
2 -0.3 2.4 8.75769
2 -0.1 2.4 24.8881
2 -0.5 2.1 68.4536
2 0.1 2.3 52.4331
2 -0.2 2.6 30.7152
2 -0.6 2.2 68.7842
2 0 2.4 61.4336
2 -0.4 2.7 53.9525
2 -0.3 2.6 61.914
2 0 2.3 78.582
2 -0.7 2.2 29.6137
2 0.5 2.6 1e-08
2 1.3 -1.2 1e-08
2 -0.7 0.4 1e-08
2 1.4 2.2 1e-08
2 2.9 -1.5 1e-08
2 -2.2 -2.2 1e-08
2 -2.3 2.2 1e-08
2 -0.3 1.2 1e-08
2 2.8 -0.2 1e-08
2 -0.7 1.6 1e-08
2 3 -1.7 1e-08
2 -0.1 3 1e-08
2 -1.1 2.1 1e-08
2 2.9 2.7 1e-08
2 -0.9 2.6 1e-08
2 1.1 1.1 1e-08
2 2.2 1.1 1e-08
2 1.7 -2.2 1e-08
2 -0.7 0.9 1e-08
2 2.2 2.5 1e-08
2 0.6 0.6 1e-08
2 2.3 2.4 1e-08
2 -2.8 -3 1e-08
2 -0.1 -0.4 1e-08
2 1.4 2.4 1e-08
2 1.1 -0.8 1e-08
2 -1 -2.4 1e-08
2 2.6 2 1e-08
2 -1.7 -2.6 1e-08
2 1.4 1.4 1e-08
2 -1.1 -2.4 1e-08
2 2.7 0 1e-08
2 0.7 2.8 1e-08
2 1.5 1.7 1e-08
2 -1.5 3 1e-08
2 2.8 1.8 1e-08
2 -0.9 -3 1e-08
2 2.7 3.1 1e-08
2 -0.2 -0.4 1e-08
2 2.3 1 1e-08
2 0.9 -0.8 1e-08
2 -1.8 1.2 1e-08
2 -2 -2.8 1e-08
2 -1.7 -2.2 1e-08
2 -0.6 0.6 1e-08
2 -0.9 3.1 1e-08
2 -0.6 0.6 1e-08
2 0.9 2.3 1e-08
2 -0.1 3.1 1e-08
2 1.9 1.5 1e-08
2 -2.7 -2.8 1e-08
2 2.3 2.1 1e-08
2 2.4 2.8 1e-08
2 -2.4 -2.7 1e-08
2 3 2.8 1e-08
2 -2.4 -3 1e-08
2 0.4 -1.1 1e-08
2 -1.6 -2 1e-08
2 2.1 2.5 1e-08
2 2.9 -3 1e-08
2 1.5 2.7 1e-08
2 1.5 -1 1e-08
2 0.9 2.6 1e-08
2 1.1 2.5 1e-08
2 1.1 2.2 1e-08
2 -1.6 1.2 1e-08
2 -2.3 3 1e-08
2 -2.8 -0.2 1e-08
2 -0.4 -1.8 1e-08
2 0.5 -1.7 1e-08
2 -0.9 2.3 1e-08
2 0.8 1.5 1e-08
2 1.3 -0.5 1e-08
2 0.7 2.5 1e-08
2 1.9 -2.7 1e-08
2 0.2 1.3 1e-08
2 2.5 -0.8 1e-08
2 -0.1 1.2 1e-08
2 1.1 1.8 1e-08
2 0.4 1 1e-08
2 -0.1 -2 1e-08
2 0.8 -1 1e-08
2 -0.3 0.4 1e-08
2 1.9 1.9 1e-08
2 -2.9 0.1 1e-08
2 1.4 1.4 1e-08
2 0.7 -1.7 1e-08
2 2.7 -1.8 1e-08
2 -0.1 -1.5 1e-08
2 2 -1.5 1e-08
2 -2 3.1 1e-08
2 -2.7 0.5 1e-08
2 2.4 2.9 1e-08
2 2.8 -1.1 1e-08
2 -0.8 2.2 1e-08
2 -2.8 0 1e-08
2 -2 -0.8 1e-08
2 2.5 2.6 1e-08
2 -0.7 1 1e-08
2 -0.6 0 1e-08
2 0.7 3.1 1e-08
2 0.6 1 1e-08
2 1.8 -1.6 1e-08
2 -1.1 2.7 1e-08
2 2.4 3 1e-08
2 -0.1 -0.9 1e-08
2 -1 1.3 1e-08
2 1.9 2.3 1e-08
2 2.3 2.5 1e-08
2 2.8 2.8 1e-08
2 1.8 2.5 1e-08
2 -1.2 -2.9 1e-08
2 1.2 -1.1 1e-08
2 -1.3 2.3 1e-08
2 -0.7 1.8 1e-08
2 -2.8 -2.1 1e-08
2 -1.4 -0.2 1e-08
2 -0.6 -1.5 1e-08
2 -1 1 1e-08
2 -1.9 -2.1 1e-08
2 2.8 2.6 1e-08
2 -1.3 1.5 1e-08
2 2.5 0.2 1e-08
2 -0.6 0.6 1e-08
2 1.8 1.3 1e-08
2 -1.7 2.2 1e-08
2 2.6 0.7 1e-08
2 0.6 3 1e-08
2 -0.6 -3 1e-08
2 -0.9 -2.6 1e-08
2 1.3 1.7 1e-08
2 -1.8 -0.8 1e-08
2 -1.9 -0.4 1e-08
2 0.5 -1.8 1e-08
2 0.7 -2.2 1e-08
2 -0.2 0.4 1e-08
2 -0.9 -0.2 1e-08
2 0.7 1.9 1e-08
2 -1.7 -0.9 1e-08
2 1.7 1 1e-08
2 -2.9 -1.8 1e-08
2 -1.2 1 1e-08
2 -1.4 1.5 1e-08
2 1.3 2 1e-08
2 2.3 -1.9 1e-08
2 2.7 1.9 1e-08
2 -2.7 0.2 1e-08
2 0.7 -1.1 1e-08
2 -0.3 -1.8 1e-08
2 -0.5 0 1e-08
2 -0.5 2.6 1e-08
2 -2.4 0 1e-08
2 -0.4 1 1e-08
2 2.3 2.9 1e-08
2 0.7 0.4 1e-08
2 1.4 0.2 1e-08
2 -0.1 -0.8 1e-08
2 -2.2 -1.4 1e-08
2 1.7 -2.4 1e-08
2 1.2 1.1 1e-08
2 0.4 -1 1e-08
2 -0.2 2.8 1e-08
2 -1.2 0.7 1e-08
2 -1.8 -2.6 1e-08
2 -0.5 0.2 1e-08
2 2.9 0.7 1e-08
2 1.1 1.4 1e-08
2 0.7 1.5 1e-08
2 -1.2 2.5 1e-08
2 0.4 1.2 1e-08
2 -1.1 1.5 1e-08
2 1 -1.4 1e-08
2 -2.9 -2.5 1e-08
2 2.4 -1.6 1e-08
2 1.3 1.8 1e-08
2 1 -0.6 1e-08
2 -1.3 0.9 1e-08
2 -0.9 -2.4 1e-08
2 1.9 -1.2 1e-08
2 2.2 0.8 1e-08
2 1.9 1.1 1e-08
2 -0.4 0.5 1e-08
2 -1.3 2.3 1e-08
2 1.7 -1.6 1e-08
2 -0.6 0.3 1e-08
2 -2.1 -2.3 1e-08
2 2.1 3 1e-08
2 1.4 0.1 1e-08
2 1.2 1.5 1e-08
2 -2.9 -0.1 1e-08
2 2.6 -2.4 1e-08
2 0.1 1.4 1e-08
2 -2.9 -1.6 1e-08
2 2.9 2.2 1e-08
2 -2.7 -1.6 1e-08
2 0.1 3 1e-08
2 -1.6 1.4 1e-08
2 0.6 2.9 1e-08
2 0.8 1.2 1e-08
2 0.1 -0.8 1e-08
2 0.8 0.3 1e-08
2 2.6 3 1e-08
2 -0.7 -2.3 1e-08
2 2.7 -0.1 1e-08
2 0.4 -1 1e-08
2 -0.6 -1.5 1e-08
2 0 -0.3 1e-08
2 -2.6 -2.6 1e-08
2 1.1 -1.1 1e-08
2 1.8 2.6 1e-08
2 1 1.6 1e-08
2 -1.2 2 1e-08
2 -1.4 -2.9 1e-08
3 2 -1.3 80.535
3 2.4 -0.9 93.0014
3 2.3 -1.3 90.9033
3 2.5 -1.1 81.8455
3 2.6 -1.1 36.0662
3 2 -1 52.3909
3 2.2 -1.5 54.8325
3 2.2 -1.3 79.0164
3 2.2 -1.1 16.1058
3 1.9 -1.4 52.5931
3 2.2 -1.2 21.5381
3 2.6 -1 20.2947
3 2.4 -1.2 58.6149
3 2.1 -1.5 27.1386
3 2.3 -1.1 56.7795
3 1.9 -1.3 22.35
3 2.3 -1.2 68.5154
3 2.5 -1 29.0387
3 2.2 -0.9 24.538
3 2.4 -1.1 25.8651
3 2.7 -1.2 23.7061
3 2.4 -1.5 60.7617
3 2.5 -1.5 25.6899
3 2.5 -1.6 45.1137
3 2.7 -1.4 94.1309
3 2.4 -1.4 28.3892
3 2.1 -1.1 43.057
3 2.1 -1.6 52.4931
3 2.5 -1.4 8.46675
3 2.3 -1.5 33.0759
3 2.1 -1.4 74.834
3 2 -1.4 42.746
3 2.6 -1.4 83.9055
3 2.6 -1.5 88.4353
3 2.7 -1.1 89.1624
3 2.7 -0.9 24.4348
3 2.5 -1.2 41.3267
3 2.7 -1.5 59.0369
3 2.2 -1.4 36.7552
3 2.3 -1.4 28.4344
3 2.5 -1.3 50.2251
3 2.7 -1.6 48.9498
3 2.9 -1.2 23.9451
3 2.6 -1.2 4.17174
3 2.3 -1.6 33.9872
3 2.8 -1.1 23.273
3 2.9 -1.1 43.4498
3 2.9 -1.3 14.2756
3 2.9 -1.4 12.4012
3 2.3 -1 24.5106
3 2.4 -1.3 26.5347
3 2.4 -1.6 25.4222
3 2.8 -1.6 79.2235
3 2.6 -1.3 14.731
3 2.5 -1.7 32.1405
3 2.5 -0.9 19.019
3 2.9 -0.8 46.2835
3 2 -1.1 58.1545
3 2.7 -1 12.2262
3 2.4 -1 71.8611
3 2.8 -1.4 13.3043
3 2.8 -1.2 40.8179
3 2.9 -1.5 28.8285
3 -1.9 -1.2 95.0165
3 -1.8 -1.1 84.8174
3 -2.1 -1.1 153.323
3 -1.9 -1.5 63.595
3 -1.7 -1.5 14.2447
3 -1.9 -1.4 60.6655
3 -2.1 -1.3 14.8012
3 -2 -1 62.0993
3 -2.1 -1.4 9.96404
3 -2.1 -1.2 45.7534
3 -1.8 -1.3 62.4032
3 -1.8 -1.4 4.5675
3 -2.4 -1.2 56.2416
3 -2 -1.1 29.1535
3 -2.1 -1.7 22.265
3 -2.4 -1.8 1.20116
3 -2.2 -1.4 61.0811
3 -1.5 -1.1 23.5434
3 -2.1 -1 34.1623
3 -2.1 -0.9 46.9443
3 -1.8 -0.9 32.8113
3 -2.1 -1.6 50.1592
3 -2.4 -1.1 33.2964
3 -2 -1.6 35.854
3 -2.4 -1.3 24.2555
3 -1.6 -1 17.8647
3 -2.2 -1.2 46.3223
3 -1.7 -1.2 25.7139
3 -2 -1.7 58.9793
3 -2.3 -1.4 30.3461
3 -1.6 -1.4 18.6602
3 2.6 1.1 79.7717
3 2.4 0.9 101.001
3 2.2 1 107.731
3 2.4 0.8 34.7952
3 2.7 1 37.3329
3 2.5 1 21.4614
3 2 1.1 20.6701
3 2.1 1 30.7175
3 2.1 0.8 5.31239
3 2.1 1.1 36.9805
3 2.6 1.2 36.6597
3 2.3 1.2 21.3285
3 2.3 0.7 75.5283
3 2.5 1.2 49.061
3 2 1 20.6268
3 2.2 0.8 75.4439
3 2.1 0.9 44.5632
3 2.6 1 20.9561
3 2 0.9 57.3005
3 2 1.2 71.1612
3 2.3 0.8 1.66058
3 2.4 1.4 20.2516
3 2.4 1.1 43.4599
3 2 0.8 40.9338
3 2.1 1.2 77.2804
3 2.5 1.1 44.0772
3 2 0.7 25.3006
3 2.2 1.3 46.6893
3 2.4 0.7 40.6143
3 2.3 1 8.13815
3 2.4 1.2 1.75928
3 1.9 1.1 50.2112
3 1.7 -1.2 100.667
3 1.8 -1.6 80.1168
3 1.9 -1.5 79.5052
3 1.4 -1.8 20.0211
3 1.6 -1.4 10.0956
3 1.5 -1.7 14.5372
3 1.7 -1.3 36.699
3 1.7 -1.5 38.3971
3 1.7 -1.4 64.7438
3 1.5 -1.8 16.2197
3 1.7 -1.7 8.69023
3 1.6 -1.5 7.84085
3 1.8 -1.7 44.2993
3 1 -1.8 45.3767
3 1.9 -1.6 11.9934
3 1.4 -1.2 33.1326
3 1.8 -1.5 60.2784
3 1.9 -1.1 23.8056
3 2 -1.6 33.0188
3 1.4 -1.3 33.2708
3 2.2 -1.9 74.252
3 1.4 -1.6 27.4981
3 1.4 -1.7 18.065
3 1.7 -1.8 86.4374
3 1.6 -1.1 40.3681
3 2 -1.2 69.2902
3 1.3 -1.2 49.9454
3 2.2 -1.8 4.92828
3 1.7 -1.1 34.9659
3 1.5 -1.6 58.4019
3 1.6 -1.3 16.3257
3 1.7 -1.6 51.0848
3 2 -1.7 72.4742
3 1.2 -1.7 43.8569
3 1.9 -1.7 35.8124
3 -1.9 1.9 87.7598
3 -1.6 2 94.6649
3 -1.6 1.5 114.729
3 -1.7 1.9 56.6967
3 -1.5 1.5 54.7894
3 -1.9 1.7 26.7364
3 -1.8 1.5 45.6668
3 -1.7 2 69.8619
3 -1.8 1.6 39.2149
3 -1.9 1.8 25.4907
3 -1.8 1.7 33.0182
3 -1.7 1.4 31.2619
3 -2.1 1.6 36.9982
3 -1.9 2 81.568
3 -1.7 1.3 43.2449
3 -1.4 2.1 8.57848
3 -1.8 2.2 29.1766
3 -1.9 1.6 62.914
3 -1.6 2.2 55.1137
3 -2.2 1.4 29.7686
3 -2.1 1.8 35.4116
3 -2 1.5 58.0324
3 -1.8 1.1 25.6239
3 -1.9 1.2 43.6123
3 -1.9 1.3 22.6738
3 -2 1.4 43.6508
3 -1.6 1.2 62.8449
3 1.2 1.5 108.28
3 1 1.6 88.9288
3 1 1.8 77.6937
3 1 1.7 24.6437
3 1.1 1.5 74.7997
3 1.3 1.6 5.64628
3 0.8 1.4 33.4297
3 1 1.5 21.0548
3 1.1 1.4 67.5583
3 1.4 1.6 33.4869
3 1.1 1.6 71.6335
3 1.3 1.1 17.931
3 1.1 1.2 51.9421
3 1.2 1.3 44.5051
3 0.9 1.5 25.8117
3 0.9 1.6 43.3511
3 1.3 1.5 34.6552
3 1.1 1.7 19.5387
3 1.1 1.3 19.5359
3 1.2 1.6 0.112489
3 1.1 1.8 36.6082
3 1.3 1.4 46.7301
3 0.9 1.4 34.7994
3 1.2 1.7 58.3751
3 0.8 1.6 35.5053
3 0.7 1.7 11.4097
3 1.2 1.4 64.093
3 1.1 1.1 38.8337
3 1.4 1.4 52.2767
3 0.9 1.8 43.7213
3 1.4 1.5 62.5492
3 -1.2 -1.5 95.1513
3 -1.2 -1.8 87.2878
3 -1.3 -1.4 71.9996
3 -1.6 -1.8 63.7073
3 -0.9 -1.8 53.8234
3 -1.3 -1.5 64.1848
3 -1.2 -1.6 53.4426
3 -1.4 -1.8 14.7837
3 -1.3 -1.8 21.4746
3 -1.6 -2 49.879
3 -1.3 -1.3 32.793
3 -1.2 -1.7 62.3504
3 -1.3 -1.6 44.2477
3 -0.9 -2 25.6205
3 -1 -1.4 64.021
3 -1.5 -2 29.3626
3 -1.1 -1.6 86.5355
3 -1 -1.7 40.811
3 -1 -1.5 48.0744
3 -1.3 -2 12.1642
3 -1.5 -1.6 25.5679
3 -1.1 -1.8 49.2501
3 -1.8 -1.7 22.1642
3 -1.1 -2 31.6395
3 -1.1 -1.5 39.6427
3 -1.1 -1.7 75.6048
3 -1.1 -1.4 61.0746
3 -1 -1.8 25.0636
3 -1.6 -1.7 61.1567
3 -1.9 -2 47.6701
3 -1 -2 44.6645
3 -1.8 -2.1 101.578
3 -1.7 -2 89.4897
3 -1.7 -2.2 155.032
3 -1.7 -1.9 23.8777
3 -1.7 -1.8 11.492
3 -1.6 -1.5 39.6163
3 -1.7 -2.3 25.1863
3 -2 -1.8 56.1128
3 -1.8 -2.4 60.7617
3 -1.4 -2.3 51.8618
3 -1.6 -2.3 24.9635
3 -1.9 -2.3 31.2129
3 -1.2 -1.3 18.1712
3 -2 -2.5 70.0348
3 -0.9 -2.3 49.3717
3 -1.1 -2.4 43.9797
3 -1.5 -2.6 2.21838
3 -2.1 -1.8 25.8925
3 -0.8 -1.8 47.8725
3 -2.1 -2 33.2128
3 -2.1 -2.2 44.8006
3 -0.8 -2 41.7909
3 -2 -2.6 44.0603
3 -1.2 -1.1 26.4447
3 -1.1 -1.3 73.0769
3 -2.2 -2 50.3622
3 -2.2 -1.8 23.4028
3 -0.9 -1.5 38.6016
3 0.5 2 129.496
3 0.2 2.5 112.466
3 0.3 2.4 108.505
3 0.4 2 67.1039
3 0.5 2.1 5.08048
3 0.3 2.3 22.5076
3 0.2 2.1 7.5938
3 -0.3 2.1 23.3823
3 0.1 2.1 21.0625
3 0.6 2.1 26.2448
3 0.2 1.8 54.5249
3 0.4 2.4 37.4235
3 0 2 42.6912
3 0.1 2 80.3481
3 0.1 2.2 20.9149
3 0.2 2.2 33.0268
3 0.3 2.2 30.9878
3 0.3 2.1 15.9039
3 0.5 1.9 21.8881
3 0.4 1.9 33.1909
3 0.3 2 62.9842
3 -2.8 0 1e-08
3 -0.2 3 1e-08
3 2.5 2.2 1e-08
3 1.4 1.2 1e-08
3 -2.8 -0.4 1e-08
3 2.9 1.5 1e-08
3 -2.8 -0.2 1e-08
3 1.7 -3.1 1e-08
3 2.6 -2.4 1e-08
3 -1.1 -0.3 1e-08
3 -3 -2.9 1e-08
3 1.5 2.1 1e-08
3 -2.3 -2.6 1e-08
3 0.7 0.1 1e-08
3 -0.5 2.4 1e-08
3 -0.1 1 1e-08
3 2.3 1.9 1e-08
3 2.5 -2.5 1e-08
3 1.3 -0.8 1e-08
3 0.4 0.7 1e-08
3 -0.2 -1.7 1e-08
3 2.1 0.6 1e-08
3 0.5 1.8 1e-08
3 1.4 3.1 1e-08
3 2.3 -0.3 1e-08
3 -1.3 0.7 1e-08
3 -1.1 -0.9 1e-08
3 0.1 0.7 1e-08
3 1.1 -2.3 1e-08
3 2.6 -3.1 1e-08
3 0 0 1e-08
3 2.2 -2.3 1e-08
3 2.4 2.4 1e-08
3 3 3.1 1e-08
3 -1.9 2 1e-08
3 3 0.6 1e-08
3 2.5 -0.5 1e-08
3 -2.2 -2.2 1e-08
3 1.6 -0.6 1e-08
3 -0.6 1.6 1e-08
3 1.1 -0.9 1e-08
3 -2.6 -1.9 1e-08
3 2.8 0.1 1e-08
3 -2.9 -2.5 1e-08
3 2.1 2.4 1e-08
3 0.1 2.6 1e-08
3 -2.9 2.5 1e-08
3 0 1.8 1e-08
3 1.7 -2.4 1e-08
3 1.7 3.1 1e-08
3 2.8 -2.2 1e-08
3 -0.5 -1.4 1e-08
3 1.2 0.5 1e-08
3 -0.1 0.4 1e-08
3 2 2.5 1e-08
3 -0.4 -1.7 1e-08
3 -0.8 -3.1 1e-08
3 -2.3 2.5 1e-08
3 -0.4 -0.3 1e-08
3 -2.1 2.8 1e-08
3 -2.1 3.1 1e-08
3 0.4 -3 1e-08
3 -2.2 1 1e-08
3 0.1 0.1 1e-08
3 1.6 -1.2 1e-08
3 0 1.9 1e-08
3 -1.1 -0.7 1e-08
3 -0.3 0.2 1e-08
3 0.4 1.5 1e-08
3 -2.1 2.7 1e-08
3 -2 2.8 1e-08
3 2.7 -3 1e-08
3 -1.7 2.6 1e-08
3 -2.9 -1.2 1e-08
3 0.9 -0.6 1e-08
3 -1.9 0.1 1e-08
3 2.3 -3.1 1e-08
3 -2.5 -3 1e-08
3 -0.9 0.6 1e-08
3 3 3.1 1e-08
3 -0.9 -2.9 1e-08
3 0.3 0.3 1e-08
3 2.6 1.7 1e-08
3 -0.7 0.7 1e-08
3 -1.9 1 1e-08
3 -1.9 -0.3 1e-08
3 2.8 2 1e-08
3 -2.1 1.1 1e-08
3 -3 2.3 1e-08
3 2.3 -2 1e-08
3 -0.1 -2.8 1e-08
3 0.9 0.9 1e-08
3 -3 2.9 1e-08
3 0.7 3 1e-08
3 0.1 -2.7 1e-08
3 1 -0.7 1e-08
3 2.9 2.2 1e-08
3 -0.8 0.3 1e-08
3 -0.1 1.3 1e-08
3 -0.1 0 1e-08
3 -1.5 0.6 1e-08
3 -0.2 1.6 1e-08
3 2.6 2.4 1e-08
3 -0.8 -1.4 1e-08
3 2.5 2.7 1e-08
3 -0.5 -1.2 1e-08
3 0.3 -1.3 1e-08
3 0.1 0.4 1e-08
3 1.1 -1.8 1e-08
3 -2.9 -1 1e-08
3 2.6 -3 1e-08
3 2.8 1 1e-08
3 -1.1 3 1e-08
3 -2.1 2.3 1e-08
3 2.3 -0.1 1e-08
3 -2.4 2.4 1e-08
3 0.6 0.7 1e-08
3 1.4 2.5 1e-08
3 2.1 -0.3 1e-08
3 -0.6 2.2 1e-08
3 -1.4 2.9 1e-08
3 -1 1 1e-08
3 2.6 2.1 1e-08
3 2 1.5 1e-08
3 -0.1 1.9 1e-08
3 -0.2 -2 1e-08
3 0.7 2.1 1e-08
3 1.2 -2.2 1e-08
3 -1.4 -2.9 1e-08
3 2.9 -1.7 1e-08
3 1.5 0.2 1e-08
3 -1.4 1.9 1e-08
3 1.5 1.8 1e-08
3 -0.4 -0.4 1e-08
3 1.9 -0.4 1e-08
3 0.6 -0.2 1e-08
3 -2.5 2.4 1e-08
3 -3 0.2 1e-08
3 0 2.2 1e-08
3 1.2 0.7 1e-08
3 -1.8 2.8 1e-08
3 -1.4 1 1e-08
3 1.7 2.8 1e-08
3 1 2.1 1e-08
3 2.3 -2.4 1e-08
3 0.2 3.1 1e-08
3 -1.1 0.5 1e-08
3 -3 -0.4 1e-08
3 0.9 2.7 1e-08
3 1.6 -0.8 1e-08
3 -1.7 1 1e-08
3 0.9 3 1e-08
3 -0.7 -1.4 1e-08
3 2.4 -0.7 1e-08
3 -2.7 1.3 1e-08
3 2.9 0.5 1e-08
3 1.1 -2.7 1e-08
3 -0.6 1.7 1e-08
3 1.2 -0.8 1e-08
3 1.1 -0.6 1e-08
3 -0.8 -1.2 1e-08
3 0.1 0.1 1e-08
3 -2.6 -0.2 1e-08
3 1.9 -2 1e-08
3 2.3 0.6 1e-08
3 1.4 0.4 1e-08
3 0.3 1.1 1e-08
3 -2.1 0 1e-08
3 -0.7 -2.3 1e-08
3 1.9 2.4 1e-08
3 2.7 1.8 1e-08
3 1.7 -0.4 1e-08
3 0.5 2.4 1e-08
3 -1.8 1.2 1e-08
3 1.8 2.5 1e-08
3 2.5 -0.1 1e-08
3 3 -0.2 1e-08
3 -1.1 0.7 1e-08
3 -0.5 1.7 1e-08
3 2.8 2.9 1e-08
3 -0.9 3.1 1e-08
3 -2.6 -0.9 1e-08
3 -0.4 1.5 1e-08
3 0 1.8 1e-08
3 2.2 1.2 1e-08
3 2.5 3.1 1e-08
3 2.5 -2.1 1e-08
3 1.4 2.9 1e-08
3 1.6 -2.7 1e-08
3 1.8 0 1e-08
3 -2.7 -0.4 1e-08
3 -2.2 2 1e-08
3 -0.2 -1.6 1e-08
3 -0.4 -1.8 1e-08
3 2.5 -0.3 1e-08
3 2.7 0.2 1e-08
3 -1.7 -0.2 1e-08
3 -2.9 2.8 1e-08
3 2.4 0.3 1e-08
3 -2.3 2.5 1e-08
3 -2.9 2.7 1e-08
3 -2.4 -3 1e-08
3 1.9 0.2 1e-08
3 -0.8 2.5 1e-08
3 2.4 -2.3 1e-08
3 1.3 -1.8 1e-08
3 -1.1 -2.9 1e-08
3 -0.7 -1.3 1e-08
3 0.2 0.2 1e-08
3 2.1 1.8 1e-08
3 0.9 -0.2 1e-08
3 3 -1.1 1e-08
3 -0.4 -0.2 1e-08
3 -1.8 -0.5 1e-08
3 -0.6 0.9 1e-08
3 -1.1 0.5 1e-08
3 -0.5 -2.6 1e-08
3 0.2 3.1 1e-08
3 1.3 -1.8 1e-08
3 1.7 2.3 1e-08
3 -1.9 2.6 1e-08
3 2.8 1.3 1e-08
3 0.5 -0.2 1e-08
3 3 1.4 1e-08
3 -1.7 1.1 1e-08
3 -0.3 -0.8 1e-08
4 -1.9 -1.6 67.3067
4 -1.9 -1.1 110.096
4 -1.8 -1.5 97.5503
4 -1.8 -1.3 24.2776
4 -2.2 -1.9 30.1326
4 -1.5 -1.4 21.4206
4 -1.4 -1.3 17.5767
4 -1.9 -1.4 39.7166
4 -1.6 -1.3 9.94083
4 -1.6 -1.1 46.0692
4 -1.7 -1.4 32.9713
4 -1.8 -1.2 27.8916
4 -1.6 -1.5 50.3714
4 -1.9 -1.3 11.7484
4 -2.1 -1.2 20.4287
4 -1.2 -1.4 40.5882
4 -1.6 -1.6 8.20427
4 -1.6 -1.4 76.3495
4 -2.2 -1.3 15.2821
4 -2 -1.2 31.951
4 -2 -1.5 68.3886
4 -2.3 -1.4 38.8724
4 -1.6 -1.2 28.3338
4 -1.6 -1 73.7641
4 -1.7 -1.8 25.1444
4 -1.7 -1.7 37.5791
4 -2.2 -1.4 43.5401
4 0.7 -1.1 91.0111
4 0.9 -1.3 101.261
4 0.9 -1.8 112.668
4 1.2 -1.3 63.0451
4 0.9 -1.5 25.3936
4 1 -1.4 2.74932
4 1.3 -1.3 22.6618
4 1 -1.5 8.71636
4 1.1 -1.6 9.21895
4 0.9 -1.6 27.424
4 0.4 -1 67.0805
4 1 -1.6 77.8198
4 0.8 -1.6 23.3981
4 1 -1.2 32.7801
4 1.1 -1.4 68.3377
4 1.1 -1 47.0436
4 0.5 -1.2 45.7197
4 0.9 -1.2 74.4289
4 0.7 -1.3 53.4152
4 0.5 -1.5 44.3028
4 1 -1 48.5268
4 0.7 -1.5 1.82671
4 0.5 -1.4 38.936
4 -2.3 -0.7 106.703
4 -2.8 -0.6 87.7821
4 -2.1 -0.4 71.162
4 -2.2 -0.6 42.3827
4 -2.4 -0.4 39.5571
4 -2.6 -0.6 44.2692
4 -2.7 -0.7 29.4108
4 -2.7 -0.6 5.42706
4 -2.1 -0.6 46.8655
4 -2.5 -0.5 41.5303
4 -2.2 -0.4 28.419
4 -2 -0.6 33.7268
4 -2.6 -0.5 72.803
4 -2.4 -0.6 34.6849
4 -2.7 -0.5 39.1455
4 -2.3 -0.4 30.5443
4 -2.5 -0.3 28.0391
4 -2.2 -0.9 24.8931
4 -2.8 -0.5 63.9682
4 -2.6 -0.4 80.1708
4 -0.9 -2 88.6575
4 -1.1 -2 129.48
4 -1 -1.3 99.0737
4 -1 -1.9 33.0474
4 -0.7 -1.9 64.7667
4 -0.8 -1.7 35.6404
4 -1.1 -1.8 31.5264
4 -1.2 -1.8 51.7104
4 -1.3 -2 31.0071
4 -1 -1.8 44.7815
4 -1.4 -1.8 31.0943
4 -1 -2 23.3688
4 -1.3 -1.8 28.4949
4 -1.1 -1.5 48.3897
4 -1.2 -2 34.6432
4 -1.4 -2 48.8185
4 -0.8 -1.6 46.2316
4 -1.7 -2.1 54.0019
4 -1.1 -2.3 34.9181
4 -1 -1.4 38.0989
4 -1.6 -1.7 64.4801
4 -1.6 -1.8 36.8817
4 -1.9 -2.2 61.9751
4 1.9 2.6 83.9555
4 1.8 2.4 55.2566
4 1.8 2.8 74.3044
4 1.4 2.8 35.5647
4 2.1 2.7 19.719
4 1.5 2.6 64.0586
4 1.4 2.6 24.5641
4 1.5 2.5 37.1307
4 1.8 2.7 21.0867
4 1.7 2.5 52.7408
4 1.7 2.7 36.9341
4 2.1 2.6 31.5433
4 1.8 3.1 54.8847
4 1.6 2.8 27.4834
4 1.7 2.4 11.8241
4 1.5 2.4 25.5529
4 1.7 2.8 39.5232
4 1.8 2.2 28.1064
4 1.9 1.8 124.094
4 2 1.6 135.257
4 1.4 1.7 94.38
4 2 2.1 29.7289
4 1.9 2.1 23.4092
4 1.6 2 51.7045
4 1.7 2.1 31.7777
4 1.9 2.2 56.9475
4 1.9 1.9 3.99322
4 1.7 1.8 52.0588
4 2.1 2 17.1511
4 2 2 33.1599
4 1.4 2.1 49.5876
4 2.1 2.1 61.062
4 1.9 2 25.2224
4 2.2 2.1 40.9959
4 1.8 1.9 62.8031
4 1.7 2.2 50.8962
4 2 1.9 15.4247
4 1.7 2 34.0012
4 1.8 2.3 45.9274
4 1.8 2.1 58.8162
4 1.6 1.9 51.8173
4 1.6 2.1 26.4143
4 1.7 1.6 48.0475
4 1.5 1.9 42.8356
4 1.8 2 30.8441
4 1.6 1.8 38.2444
4 1.8 1.5 20.294
4 1.5 2 36.7435
4 2 2.3 79.9423
4 1.4 2.3 35.001
4 2.1 2.2 42.3247
4 1.9 2.3 39.9899
4 2 2.2 51.8086
4 1 0.5 88.805
4 1.4 0.3 136.532
4 1.2 0.8 101.456
4 1.5 0.5 56.4756
4 0.6 0.8 23.5468
4 1.1 0.3 11.4834
4 1 0.7 57.6296
4 1 0.8 40.2047
4 1.1 0.5 24.0237
4 1.1 0.8 44.31
4 0.7 0.7 44.449
4 0.9 0.6 58.3236
4 1.2 0.6 81.6284
4 1.3 0.9 39.959
4 1.4 0.6 31.2319
4 1.1 0.7 33.8648
4 1 0.1 65.958
4 1.2 0.7 28.0737
4 1.2 0.3 38.0853
4 1.2 0.4 24.3004
4 0.7 0.5 20.3885
4 1.2 0.5 60.8975
4 1.1 0.6 34.2381
4 0.9 0.2 56.8448
4 1.3 0.8 46.4479
4 1 0.2 35.5584
4 0.6 0.4 3.51948
4 1.1 0.9 65.3173
4 1.4 1 20.1385
4 1.3 0.6 8.73696
4 1 0.4 32.3226
4 1 0 23.3901
4 1.5 0.6 46.1633
4 1.4 0.4 15.8082
4 -0.3 1.3 78.3239
4 -0.1 1 111.803
4 -0.2 1.2 66.3608
4 -0.2 1 40.8275
4 -0.3 0.9 47.7731
4 -0.2 0.9 6.65327
4 -0.1 1.2 73.8658
4 0.2 1.1 45.6874
4 -0.1 0.9 61.8487
4 -0.4 1.5 41.4491
4 -0.3 1.2 43.7833
4 -0.4 1.2 48.3519
4 0 1.5 52.3604
4 -0.5 1.4 53.8379
4 -0.1 1.3 14.4278
4 0 0.9 22.4085
4 -0.2 1.5 13.1384
4 0.2 1.5 71.2812
4 0.2 1.2 32.6374
4 -0.4 1.4 12.105
4 -0.5 1.1 25.1577
4 -0.1 1.4 31.558
4 -0.1 1.6 46.7353
4 -0.6 0.8 43.6256
4 -0.4 1.3 44.6146
4 -0.7 1.4 30.0645
4 -0.3 1.1 48.0016
4 0 1.4 23.2801
4 0.1 1.2 50.5274
4 -0.5 1.8 88.3486
4 -0.7 1.6 128.042
4 -0.1 2 94.1885
4 -0.3 2 62.0616
4 -0.1 1.9 17.1503
4 -0.6 1.8 56.889
4 -0.1 1.5 48.5441
4 -0.3 1.4 53.4637
4 -0.6 1.5 17.5382
4 -0.6 2.1 50.1672
4 -0.6 1.7 34.3785
4 -0.5 2.2 4.45289
4 -0.3 1.6 71.2293
4 0 2.5 33.1063
4 -0.3 1.5 70.7916
4 -0.3 1.7 58.1755
4 -0.1 2.1 42.7993
4 -0.1 1.8 42.8818
4 -0.3 1.8 47.8434
4 -0.4 2.1 21.4908
4 0.2 1.7 37.3176
4 -0.2 1.6 58.5242
4 -0.5 1.6 85.6432
4 -0.7 1.5 11.8371
4 -0.4 1.8 8.62591
4 -0.6 1.6 18.8554
4 -0.2 1.8 40.6684
4 -0.2 2.1 14.3093
4 0.1 1.9 11.4208
4 -0.8 1.7 48.9845
4 -0.5 1.5 38.2515
4 -0.1 1.7 24.0378
4 -0.3 2.4 28.6487
4 -0.5 2 44.5991
4 -0.4 1.6 44.2427
4 -0.6 -2 94.5304
4 -0.7 -2.1 124.36
4 -1.1 -2.4 95.1751
4 -0.8 -2.4 14.957
4 -0.8 -2 28.4525
4 -0.7 -2.2 55.7831
4 -1.3 -2.2 50.958
4 -0.9 -1.6 63.2031
4 -0.8 -1.8 20.2422
4 -0.9 -1.8 46.0398
4 -1.1 -1.6 54.4946
4 -0.6 -1.8 10.7999
4 -0.9 -2.6 2.19525
4 -0.9 -2.3 46.8762
4 -1.2 -2.5 75.06
4 -1.1 -2.9 2.6693
4 -0.7 -2.3 44.3296
4 -0.7 -2.5 38.5226
4 -0.7 -1.8 56.3315
4 -0.7 -2 45.4448
4 -0.8 -2.6 50.0469
4 -2.7 -0.9 1e-08
4 -1.9 1.7 1e-08
4 -1.2 1.9 1e-08
4 -0.1 -1.3 1e-08
4 -2.1 -2.7 1e-08
4 -2 -2.8 1e-08
4 0.4 -1.6 1e-08
4 -0.3 0.8 1e-08
4 -0.4 0.9 1e-08
4 -1.3 1.5 1e-08
4 -2.5 2.2 1e-08
4 -3 2 1e-08
4 3 0.3 1e-08
4 -2.8 -2.1 1e-08
4 1.1 -1.5 1e-08
4 -0.1 0.8 1e-08
4 1.6 -1.8 1e-08
4 2.3 0.4 1e-08
4 -1.4 2.7 1e-08
4 2.1 0 1e-08
4 -1.4 2.2 1e-08
4 0.8 1.4 1e-08
4 2.4 0.7 1e-08
4 1.6 2.3 1e-08
4 -3 2.3 1e-08
4 -0.1 -1.2 1e-08
4 2.8 -1 1e-08
4 -1.2 -0.9 1e-08
4 -1.9 3.1 1e-08
4 2.4 2 1e-08
4 1.1 -0.8 1e-08
4 -2.9 -2.5 1e-08
4 -1.2 -0.3 1e-08
4 -1.8 -0.6 1e-08
4 0.9 1.4 1e-08
4 -2.4 -1.9 1e-08
4 1.3 1.2 1e-08
4 -2.8 -3 1e-08
4 0.7 2.5 1e-08
4 0.6 1.8 1e-08
4 -1.4 -0.5 1e-08
4 -2.5 -1.8 1e-08
4 0.6 -1.8 1e-08
4 -0.1 -1.9 1e-08
4 -0.8 0.7 1e-08
4 2.3 0.8 1e-08
4 1.3 -0.7 1e-08
4 -0.8 0.3 1e-08
4 -2.7 -3 1e-08
4 -1.9 1.5 1e-08
4 -1.9 -0.2 1e-08
4 0.8 -1.8 1e-08
4 0.9 -3.1 1e-08
4 0.2 -0.1 1e-08
4 -2 1.3 1e-08
4 2.3 0.1 1e-08
4 -1.1 -0.2 1e-08
4 0.5 1.5 1e-08
4 -3 -2.8 1e-08
4 1.1 -2.8 1e-08
4 -1.2 0.3 1e-08
4 3 2.4 1e-08
4 -3 -1.4 1e-08
4 -1.7 0.2 1e-08
4 -2 -2.8 1e-08
4 -2.9 2.9 1e-08
4 2.6 -1.3 1e-08
4 -2 0.1 1e-08
4 0.2 -0.6 1e-08
4 2.9 3.1 1e-08
4 -1.7 0.9 1e-08
4 -1.4 -1.5 1e-08
4 0.2 -2.7 1e-08
4 1.9 -2.1 1e-08
4 0.5 3.1 1e-08
4 0.1 -1 1e-08
4 1.9 1 1e-08
4 -1.5 -3.1 1e-08
4 0.3 0.4 1e-08
4 -1.4 -3 1e-08
4 -1.9 2 1e-08
4 -2.5 -1.4 1e-08
4 3 -1.9 1e-08
4 -2 1.4 1e-08
4 -2 1.1 1e-08
4 0.6 1.5 1e-08
4 -0.9 -1.5 1e-08
4 2.8 2.5 1e-08
4 1.6 0 1e-08
4 2.1 1.2 1e-08
4 -2.6 -2.2 1e-08
4 1.2 -0.2 1e-08
4 2.5 -1.7 1e-08
4 -0.5 0.5 1e-08
4 0.2 2.6 1e-08
4 -0.7 1.1 1e-08
4 -1.6 1.2 1e-08
4 -0.5 -0.1 1e-08
4 1.6 1.4 1e-08
4 -1.3 1.2 1e-08
4 -0.3 -0.2 1e-08
4 -0.7 1.1 1e-08
4 -2.1 -2 1e-08
4 -2.1 2.2 1e-08
4 0.2 -2 1e-08
4 1.8 1.1 1e-08
4 -0.9 2.7 1e-08
4 1.7 -0.1 1e-08
4 0.7 0.9 1e-08
4 0 2.8 1e-08
4 -0.6 0.7 1e-08
4 2.3 -0.2 1e-08
4 -0.7 -0.1 1e-08
4 0 2.6 1e-08
4 -3 1.8 1e-08
4 0.3 -3.1 1e-08
4 -0.1 -0.9 1e-08
4 -2.6 -1.9 1e-08
4 -1.4 3 1e-08
4 2.2 -2.1 1e-08
4 2 0.6 1e-08
4 1.2 -3.1 1e-08
4 2.7 1.5 1e-08
4 -2 -2.7 1e-08
4 2.9 2.1 1e-08
4 -2.6 1.6 1e-08
4 2.2 1 1e-08
4 0.6 -1.9 1e-08
4 -0.9 2.6 1e-08
4 2.7 2.8 1e-08
4 -2.3 2.6 1e-08
4 0.8 -0.9 1e-08
4 -2.9 2 1e-08
4 0.7 -2.1 1e-08
4 2.6 2.5 1e-08
4 -3 -2.4 1e-08
4 -2.8 -1.1 1e-08
4 0.6 1.7 1e-08
4 2.4 1.6 1e-08
4 0.8 2.7 1e-08
4 -3 -2.1 1e-08
4 -2.6 -0.2 1e-08
4 1.7 0.8 1e-08
4 -1.9 0.4 1e-08
4 -2.7 -2.3 1e-08
4 0.8 -0.4 1e-08
4 -2.9 -2 1e-08
4 2.2 -1.5 1e-08
4 0 0.2 1e-08
4 -0.1 2.6 1e-08
4 1.2 3.1 1e-08
4 -2.2 2.8 1e-08
4 -2 -2.7 1e-08
4 -0.8 -0.2 1e-08
4 -1.7 -0.4 1e-08
4 -1.3 1.8 1e-08
4 1 1.5 1e-08
4 -2.8 -2.2 1e-08
4 0.5 3.1 1e-08
4 -1.4 -0.3 1e-08
4 1.7 -1.5 1e-08
4 -3 -0.4 1e-08
4 -1.6 -2.7 1e-08
4 -0.5 -1.1 1e-08
4 1.6 1.3 1e-08
4 1.8 -2.3 1e-08
4 0.7 -2.1 1e-08
4 2.6 2 1e-08
4 1.9 -2.2 1e-08
4 1.1 -2 1e-08
4 2.1 2.4 1e-08
4 -0.2 0.2 1e-08
4 0 -1.4 1e-08
4 1.7 1.1 1e-08
4 2.2 0.7 1e-08
4 2.9 -2 1e-08
4 2.6 2.1 1e-08
4 1.5 -2.1 1e-08
4 1.5 3.1 1e-08
4 0.6 -2.2 1e-08
4 -1.3 1.2 1e-08
4 1 2 1e-08
4 2.1 -2 1e-08
4 0.5 1.6 1e-08
4 -2.5 0 1e-08
4 0.4 -3.1 1e-08
4 -0.6 1.1 1e-08
4 -0.8 -0.7 1e-08
4 -1.9 0.1 1e-08
4 0.8 2.1 1e-08
4 -2.7 -1 1e-08
4 -1.4 -0.5 1e-08
4 -0.4 -0.5 1e-08
4 0.2 3.1 1e-08
4 -2.5 3.1 1e-08
4 -0.1 -1.3 1e-08
4 -1.7 0.9 1e-08
4 0.6 -2 1e-08
4 0.6 -1.2 1e-08
4 0 0.7 1e-08
4 -3 0.8 1e-08
4 -1.1 -2.8 1e-08
4 -2.7 -2 1e-08
4 1.8 0.8 1e-08
4 0.2 2.2 1e-08
4 2.2 -2 1e-08
4 -0.5 2.1 1e-08
4 -0.8 0.8 1e-08
4 0.2 -1.7 1e-08
4 0.4 -0.3 1e-08
4 0.3 -1.4 1e-08
4 1.5 -0.9 1e-08
4 -2.8 -1.1 1e-08
4 2.3 -0.3 1e-08
4 2 -0.6 1e-08
4 -0.1 -2.7 1e-08
4 0.1 1.5 1e-08
4 2 -1.4 1e-08
4 -1.2 0.4 1e-08
4 -2.7 -1.7 1e-08
4 -0.5 0.7 1e-08
4 -0.4 -0.1 1e-08
4 -0.8 0.8 1e-08
4 1.6 3 1e-08
4 2.5 -0.6 1e-08
4 -1.9 0.3 1e-08
4 0.5 3 1e-08
4 1.1 3.1 1e-08
4 3 2.1 1e-08
4 -0.6 -1.7 1e-08
4 0.3 2.7 1e-08
4 2.6 2.2 1e-08
4 -0.3 2.6 1e-08
4 2.5 -0.6 1e-08
4 2.9 -2 1e-08
4 -0.1 -2.3 1e-08
4 0.3 -0.7 1e-08
4 -0.8 3.1 1e-08
4 2.7 0.5 1e-08
4 2.8 -2.1 1e-08
4 2.5 -2.1 1e-08
4 -1.7 -3 1e-08
4 0.3 -1.9 1e-08
4 -2.7 -2.9 1e-08
4 0.6 0.3 1e-08
4 2.9 -2.6 1e-08
4 -1.7 -2.4 1e-08
4 -1 1.2 1e-08
4 1.7 1.1 1e-08
4 -1.7 0.9 1e-08
4 1.2 1.6 1e-08
4 2.6 1.9 1e-08
4 2.1 -1 1e-08
5 2.6 2.1 88.3537
5 2.5 2.4 89.4717
5 2.8 1.9 120.765
5 2.6 2.2 55.076
5 2.7 2.5 58.4708
5 2.5 2.2 42.5807
5 2.6 2.3 39.0217
5 2.4 2.3 43.4355
5 2.4 2.4 34.1248
5 2.4 2 17.91
5 2.5 1.9 38.8369
5 2.7 2.3 11.5849
5 2.7 2.2 11.7721
5 2.6 2 9.40038
5 2.5 2.1 20.4181
5 2.4 2.7 30.0428
5 2.8 2 45.3519
5 2.7 2.4 42.6687
5 2.6 2.5 29.9952
5 2.6 2.4 26.3453
5 2.3 2.3 71.3865
5 2.3 2.1 14.0802
5 2.4 1.8 1.61391
5 2.1 2.4 41.1387
5 2.4 1.9 76.2745
5 3 2.2 54.9223
5 2.4 2.1 44.29
5 2.9 2.5 65.4976
5 2.8 2.4 28.4847
5 2.8 2.2 37.1054
5 2.2 2.1 62.7986
5 2.1 2.1 41.3708
5 -1.2 2.1 95.2059
5 -1.1 2.2 121.652
5 -1.5 2.5 118.129
5 -1.4 1.8 26.3056
5 -1 2.6 30.2849
5 -0.9 2 4.32408
5 -1.2 2.3 50.4147
5 -1.1 2.3 8.76576
5 -1.2 2.5 44.558
5 -1.1 2 85.8092
5 -1.2 2 46.7245
5 -0.7 2.3 35.1667
5 -1.4 1.9 13.8789
5 -1 2.2 31.1076
5 -1.3 2.2 51.6416
5 -1.8 1.9 30.9858
5 -1.1 2.4 43.1191
5 -1 1.9 19.036
5 -1.5 2.1 37.3004
5 -1.2 2.2 75.6633
5 -0.9 2.2 11.7895
5 -0.9 2.3 45.6557
5 -1.3 2 20.2981
5 -0.8 2.5 71.7701
5 -1.3 2.1 50.1978
5 -1.2 2.4 42.0239
5 -1.1 1.7 53.4772
5 -1 2.3 27.641
5 -1 2.4 47.5568
5 -1.3 2.5 46.3844
5 -1.4 2.3 68.3347
5 -1.3 1.9 48.6979
5 -0.7 2 19.5131
5 -1.1 2.6 65.4361
5 -1.1 1.9 9.0468
5 0.9 -1.4 121.956
5 0.7 -2 94.4474
5 0.5 -1.3 97.0585
5 0.3 -1.4 67.6818
5 0.4 -1.5 45.8147
5 0.5 -1.8 47.8093
5 0.5 -1.7 27.6278
5 0.3 -1.6 48.7132
5 0.7 -1.3 65.8013
5 0.3 -1.7 71.8899
5 0.9 -1.5 49.1319
5 0.7 -1.6 21.2888
5 0.7 -1.4 19.3601
5 0.5 -1.6 10.078
5 0.8 -1.4 37.261
5 0.6 -1.7 55.256
5 0.4 -1.8 55.6128
5 0.6 -1.6 33.2392
5 0.5 -1.5 40.8819
5 0.6 -1.4 42.6107
5 0.4 -1.7 51.3981
5 0.6 -1.8 29.3333
5 0.7 -1.5 83.0241
5 0.3 -1.5 39.2478
5 0.7 -1.2 66.2143
5 0.7 -1.7 35.0903
5 0.8 -1.5 39.1507
5 0.4 -1.4 69.3696
5 0.5 -1.9 55.2714
5 0.7 -1.9 17.4365
5 0.9 -1.8 61.5071
5 0.6 -1.2 34.9551
5 0.2 -1.8 42.4994
5 0.6 -1.5 34.6935
5 1 -1.9 18.0351
5 -1.6 -0.7 91.511
5 -1 -0.9 126.336
5 -1.5 -0.5 129.685
5 -1 -0.6 13.3074
5 -1.2 -0.7 28.761
5 -1.5 -0.7 20.7243
5 -1.5 -0.6 5.47713
5 -1.2 -0.8 63.2538
5 -1.1 -0.7 47.3135
5 -1.3 -0.7 54.162
5 -1.4 -0.8 26.3367
5 -1.4 0 4.58676
5 -1.8 -0.5 73.3595
5 -1.7 -0.7 30.9119
5 -1 -0.8 5.73509
5 -1.3 -0.4 23.2921
5 -1.2 -0.6 9.96763
5 -1.3 -0.6 31.7443
5 -1.8 -0.6 38.1555
5 -1.2 -0.4 44.1111
5 -1 -0.5 46.5707
5 -1.6 -0.5 55.0542
5 -1.4 -0.4 55.262
5 -1.3 -1 32.2382
5 -0.8 -0.3 5.8472
5 -1.5 -0.9 10.6778
5 1.3 -0.2 93.3845
5 1.1 -0.1 147.156
5 1.2 0 111.692
5 1.2 -0.1 61.315
5 1.6 -0.1 55.8736
5 1 -0.3 81.9855
5 0.9 -0.3 60.6515
5 1.2 0.1 59.531
5 1.3 0.1 50.7786
5 1 0.1 10.1312
5 1.5 0 47.2078
5 1 0 27.3779
5 1.5 -0.2 48.7748
5 1.2 -0.2 31.6919
5 1.2 -0.3 6.48488
5 0.9 0 16.5212
5 1.3 0 32.7192
5 0.8 -0.2 61.2682
5 1.4 0 41.154
5 1.1 -0.3 24.2044
5 1.3 -0.4 12.1749
5 0.9 -0.1 84.4677
5 1.1 0 29.296
5 1.1 0.1 39.4346
5 1.4 -0.2 20.7974
5 1.1 -0.5 27.3384
5 1.6 -0.2 80.4044
5 1.1 -0.4 53.9615
5 1.4 -0.1 40.7623
5 1.3 -2.2 113.905
5 1.4 -1.8 116.753
5 1.5 -1.6 80.3045
5 1.3 -1.8 42.782
5 1.4 -1.6 28.5651
5 1.7 -2 25.4286
5 1.5 -2.3 18.4229
5 1.3 -2.1 56.1598
5 1.3 -2.3 16.1951
5 1.3 -2 46.2897
5 1.7 -1.9 57.4037
5 1.5 -1.8 64.9695
5 1.4 -2.2 75.1796
5 1.4 -2 39.9923
5 1.6 -2 30.5972
5 1.3 -1.9 60.5847
5 1.6 -1.6 54.7704
5 2 -1.7 9.03887
5 1.6 -1.8 74.2546
5 1.6 -1.7 46.1672
5 1.6 -2.3 23.1091
5 1.6 -1.4 23.1874
5 1.8 -1.7 49.1875
5 1.9 -1.8 56.5884
5 1.7 -2.2 59.4375
5 1.3 -1.6 43.6362
5 1.6 -1.9 37.3294
5 1.5 -2.4 68.602
5 1.7 -2.3 56.7982
5 1.9 -1.7 66.8369
5 1.9 -1.9 47.9977
5 1.2 -2.2 43.651
5 1.7 -2.1 40.7122
5 -0.9 0.2 84.0293
5 -1.1 0.4 114.39
5 -0.6 0.3 80.7602
5 -0.7 0.2 35.4404
5 -1.4 0.3 79.5803
5 -1.1 0.2 56.0198
5 -1 0.5 30.4305
5 -0.8 0 67.4364
5 -0.8 0.1 6.37784
5 -1.1 0 24.9972
5 -0.9 0.3 57.5403
5 -1.2 0 1.03088
5 -0.8 0.2 25.9761
5 -0.7 0.1 61.7551
5 -0.6 0.1 55.4678
5 -0.9 -0.2 24.1184
5 -0.9 0.8 63.9848
5 -0.7 0.7 27.4905
5 -1.2 0.2 24.2664
5 -0.9 0 26.5385
5 -1 0.7 48.5365
5 -1.1 -0.2 45.8028
5 -1 0.3 57.1056
5 -0.9 0.5 30.3951
5 -1.2 0.5 46.9008
5 -1.1 -0.3 30.2273
5 1.5 0.3 72.5534
5 1.8 0.7 107.215
5 1.7 0.1 68.0244
5 1.5 0.4 73.7877
5 1.7 0.2 60.0374
5 1.6 0.4 53.2226
5 1.8 0.2 51.6907
5 1.4 0.7 82.6379
5 1.8 0.6 40.4864
5 1.6 0.2 21.7266
5 1.7 0.4 36.0809
5 1.5 0.5 38.6171
5 1.6 0.7 25.9611
5 1.4 0.3 63.3716
5 1.7 0.7 18.9909
5 1.7 0.6 69.9924
5 1.7 0.9 29.5652
5 1.6 0.5 50.5488
5 1.7 0.5 43.6083
5 1.6 0.6 17.5968
5 1.8 0.3 69.1868
5 2 0.2 20.5449
5 1.9 0.6 76.1913
5 1.2 0.5 35.4013
5 1.9 0.4 28.4996
5 1.4 0.8 29.4386
5 1.6 0.3 49.9223
5 1.2 0.6 42.611
5 1.3 0.5 48.642
5 1.7 0.3 45.7673
5 1.3 0.4 33.334
5 1.4 1.3 74.9257
5 1.8 1.3 88.6237
5 1.5 0.7 124.933
5 1.3 1 73.0863
5 1.8 0.9 13.0769
5 1.3 1.2 46.7406
5 1.9 1.4 23.8258
5 1.8 1.5 45.8022
5 1.6 1.5 29.0603
5 1.4 1.1 53.1018
5 1.6 1.3 30.8458
5 1.5 1.2 54.7317
5 1.7 1.6 19.6426
5 2 1.1 11.9713
5 1.6 1.2 40.0622
5 1.6 0.9 4.43
5 1.5 1.3 33.3009
5 1.9 1.6 38.2402
5 1.8 1.4 17.621
5 1.5 1.4 25.9482
5 1.7 1.1 19.0597
5 1.4 1.6 46.0733
5 1.3 1.1 48.8422
5 1.7 1 47.99
5 1.9 0.9 76.9619
5 1.5 1.1 19.8918
5 1.7 1.2 33.57
5 1.6 1.4 84.7918
5 1.8 1.6 2.82954
5 1.4 1 25.8337
5 1.6 1.1 48.0289
5 1.9 1.2 37.574
5 -2 -2.7 109.135
5 -2.1 -2.3 108.506
5 -2.2 -2.3 114.745
5 -2.2 -2.9 5.59018
5 -1.7 -2.4 8.87612
5 -1.8 -2.7 15.0867
5 -2 -3 57.663
5 -2.3 -2.7 53.928
5 -2 -2.5 61.3403
5 -1.9 -2.6 51.2401
5 -2.5 -2.6 59.3596
5 -2.2 -2.7 48.0594
5 -2.4 -2.7 31.1054
5 -2.1 -2.9 46.2458
5 -2.2 -2.6 19.9057
5 -2.4 -3 16.4191
5 -2.1 -2.5 49.9584
5 -2 -3.1 63.3927
5 -2.1 -2.6 15.1782
5 -1.9 -2.8 49.5949
5 -2.3 -2.9 77.0993
5 -2.1 -2.7 36.2079
5 -2.2 -2.4 30.7759
5 -2 -2.3 32.1931
5 -1.7 -2.9 41.1001
5 -2.2 -2.8 53.3967
5 -1.8 -2.8 2.46782
5 -1.8 -2.3 64.455
5 -2.1 -2.1 16.3417
5 -2.7 -3 21.8709
5 -2.6 -3 17.6268
5 -2.1 -3.2 53.9815
5 -2.3 -3.2 56.496
5 -2 -3.2 38.1324
5 -2.4 -3.2 78.4689
5 -1.6 -3.4 57.0802
5 2.8 0.3 1e-08
5 1.3 -1.2 1e-08
5 2.6 0 1e-08
5 -0.7 1.5 1e-08
5 2.6 0.3 1e-08
5 -2 -1.8 1e-08
5 -2.8 1.3 1e-08
5 2.2 -0.9 1e-08
5 -1.3 1.6 1e-08
5 2.5 -2 1e-08
5 0.7 0.8 1e-08
5 -0.5 -0.5 1e-08
5 2.9 1 1e-08
5 0.1 -2.7 1e-08
5 3 2.7 1e-08
5 1.1 1.7 1e-08
5 -0.1 -1.8 1e-08
5 -0.3 0.2 1e-08
5 -2.6 2.4 1e-08
5 0.7 -2.7 1e-08
5 -1.2 3 1e-08
5 1.3 -1.2 1e-08
5 -2.8 0.2 1e-08
5 -0.3 -2 1e-08
5 1.4 -2.9 1e-08
5 -2.8 -1.2 1e-08
5 0.9 0.5 1e-08
5 2.9 0 1e-08
5 -2.1 0.6 1e-08
5 -2.1 0.8 1e-08
5 2.6 -2.6 1e-08
5 2.7 2.8 1e-08
5 -1.5 0.7 1e-08
5 2 -0.7 1e-08
5 0 1.9 1e-08
5 0.1 -2.3 1e-08
5 2 1 1e-08
5 2.3 -0.5 1e-08
5 -2.9 1.7 1e-08
5 -2.6 2.3 1e-08
5 -0.2 1.2 1e-08
5 0.4 0.4 1e-08
5 2.9 -1.7 1e-08
5 1.4 -0.5 1e-08
5 -2.7 -0.7 1e-08
5 1 -1.5 1e-08
5 -1.6 -1.4 1e-08
5 2.8 -1.8 1e-08
5 1.2 2.9 1e-08
5 -1.8 -1.5 1e-08
5 2.7 -2.4 1e-08
5 0.5 -1.4 1e-08
5 1.6 2.6 1e-08
5 -0.6 2.6 1e-08
5 1.4 -2.8 1e-08
5 -2.8 -0.9 1e-08
5 2.5 -0.8 1e-08
5 -2.6 1.8 1e-08
5 1.4 0.4 1e-08
5 1.5 -2.7 1e-08
5 1.7 -2.9 1e-08
5 1.7 -2.5 1e-08
5 2.9 1.2 1e-08
5 1.6 1.9 1e-08
5 1.9 2.1 1e-08
5 1.4 2.6 1e-08
5 -1 -1.9 1e-08
5 -0.8 -0.6 1e-08
5 -1.4 0 1e-08
5 -0.3 -0.2 1e-08
5 0.4 0.8 1e-08
5 0.3 1.1 1e-08
5 -2.5 0.3 1e-08
5 -0.5 -1.7 1e-08
5 -1.3 -2.2 1e-08
5 1.1 1.7 1e-08
5 -0.5 -2.1 1e-08
5 0.8 2.3 1e-08
5 2.5 0.4 1e-08
5 1.7 -1.3 1e-08
5 2 1.4 1e-08
5 1.6 1.9 1e-08
5 -1.6 2.6 1e-08
5 -2.7 2.9 1e-08
5 0.4 -2.7 1e-08
5 -1.2 1.2 1e-08
5 1.1 1.9 1e-08
5 -0.1 -2.6 1e-08
5 -2.6 -2 1e-08
5 -1.2 0.8 1e-08
5 0.8 2.1 1e-08
5 2.9 2.8 1e-08
5 2.3 -0.5 1e-08
5 1.7 -2.7 1e-08
5 -0.1 -0.4 1e-08
5 1.8 -0.8 1e-08
5 2.8 3 1e-08
5 2.7 0 1e-08
5 -0.7 2.1 1e-08
5 0.3 1 1e-08
5 0.9 1.1 1e-08
5 0.7 2.3 1e-08
5 1.1 2.6 1e-08
5 -1.7 -2.1 1e-08
5 -1.3 -1.1 1e-08
5 2.3 1.9 1e-08
5 -1.3 1.3 1e-08
5 0.5 -0.4 1e-08
5 -0.2 0.6 1e-08
5 2 -1.8 1e-08
5 2.5 -0.6 1e-08
5 0.4 3 1e-08
5 -1.3 3 1e-08
5 -0.3 -1.8 1e-08
5 0.4 -2.7 1e-08
5 0.3 2.2 1e-08
5 0.9 0.1 1e-08
5 3 2.8 1e-08
5 2.7 2.1 1e-08
5 2.1 1.7 1e-08
5 1.9 -2.8 1e-08
5 -1.3 2.9 1e-08
5 2.4 0.1 1e-08
5 0.3 1 1e-08
5 -0.4 2.5 1e-08
5 -2.7 1.2 1e-08
5 -2.7 1.2 1e-08
5 0.1 -0.6 1e-08
5 0.9 0.5 1e-08
5 -2.9 0.2 1e-08
5 -0.4 0.9 1e-08
5 2.4 0.6 1e-08
5 2.9 1.4 1e-08
5 -1.3 0 1e-08
5 -0.3 -1 1e-08
5 1.8 -0.4 1e-08
5 -2.1 -2.2 1e-08
5 -1.5 -2.3 1e-08
5 -2.2 0.3 1e-08
5 -1.4 2.5 1e-08
5 2.6 -2.9 1e-08
5 0.6 0.6 1e-08
5 -1.6 -2 1e-08
5 -1.4 -1.5 1e-08
5 -1.9 -1 1e-08
5 1.2 -1.2 1e-08
5 1.1 0.2 1e-08
5 1.7 -0.3 1e-08
5 2.7 1.4 1e-08
5 -1 -1.4 1e-08
5 -0.9 -1 1e-08
5 0.6 -0.9 1e-08
5 2 0.4 1e-08
5 0.1 -0.5 1e-08
5 -0.5 2.3 1e-08
5 1.4 2.7 1e-08
5 -2.8 2.9 1e-08
5 0.9 2.5 1e-08
5 -2.9 0.7 1e-08
5 2.3 2.8 1e-08
5 2.8 0.5 1e-08
5 2.1 -3 1e-08
5 0.2 1.7 1e-08
5 1.4 2.5 1e-08
5 1.5 -2.8 1e-08
5 -2.2 -0.9 1e-08
5 -1.9 2.2 1e-08
5 -1.4 -0.8 1e-08
5 2.3 0.2 1e-08
5 1.5 0.6 1e-08
5 -0.5 -1.2 1e-08
5 0.6 1 1e-08
5 -0.4 3.1 1e-08
5 0.4 2.5 1e-08
5 2 0.8 1e-08
5 3 2.7 1e-08
5 -2.9 2.6 1e-08
5 0.1 1.5 1e-08
5 2 0.6 1e-08
5 -0.1 -2.4 1e-08
5 2.8 2.1 1e-08
5 -0.1 0.3 1e-08
5 -1 -1.9 1e-08
5 1.3 -2.9 1e-08
5 -1.9 -1.5 1e-08
5 1.2 2.4 1e-08
5 2.2 -0.5 1e-08
5 -1.9 0.7 1e-08
5 -0.7 -2.1 1e-08
5 0 0.1 1e-08
5 0.7 -2.9 1e-08
5 2.8 -2.1 1e-08
5 0.3 1.1 1e-08
5 0.8 1.1 1e-08
5 -1.1 1.4 1e-08
5 1.1 -0.6 1e-08
5 2.2 2.6 1e-08
5 1.6 2.3 1e-08
5 -2.1 -0.4 1e-08
5 0.3 -1.8 1e-08
5 -2.4 2 1e-08
5 -0.1 -0.4 1e-08
5 -0.9 -0.4 1e-08
5 -1.5 -1.4 1e-08
5 0 0.9 1e-08
5 -2.9 0.2 1e-08
5 -0.2 1.6 1e-08
5 1.2 -0.8 1e-08
5 1.5 2.7 1e-08
5 2.4 1.5 1e-08
5 2.4 -0.5 1e-08
5 3 2.7 1e-08
5 2.6 -0.2 1e-08
5 -1.8 -1.5 1e-08
5 2 -1.5 1e-08
5 -1.4 -1.1 1e-08
5 -2.6 0.3 1e-08
5 -0.1 -1.3 1e-08
5 -2.9 2.4 1e-08
5 0.2 -2.8 1e-08
5 0.5 -2.7 1e-08
5 -2.8 3 1e-08
5 -1.3 1.3 1e-08
5 1 -2.7 1e-08
5 2.9 -1.3 1e-08
5 1 -1.5 1e-08
5 2.5 0.2 1e-08
5 2.2 1 1e-08
5 -2.6 -0.6 1e-08
5 -2.5 1.2 1e-08
5 -0.5 -2.7 1e-08
5 1.4 -2.8 1e-08
5 1.7 -0.2 1e-08
5 -0.6 2.7 1e-08
5 1 0.8 1e-08
5 0.2 -2.5 1e-08
5 0.8 -2.2 1e-08
5 1.2 2.8 1e-08
6 -1.1 -1.8 52.1582
6 -0.7 -1.9 93.1106
6 -1.3 -2.6 82.7996
6 -0.7 -2.2 37.3595
6 -1.3 -1.9 46.5446
6 -1.2 -1.8 48.075
6 -1 -1.7 24.9213
6 -0.9 -1.9 47.8909
6 -1 -2 27.7678
6 -1.4 -2.3 50.9675
6 -1.1 -2.1 45.2288
6 -0.6 -1.8 59.8209
6 -1 -2.1 33.5673
6 -1.2 -2.3 49.5315
6 -0.8 -2 70.7981
6 -1.2 -1.9 23.1031
6 -1.3 -2 51.3395
6 -1 -1.8 37.9763
6 -0.8 -1.8 40.1607
6 -1 -1.9 28.2016
6 -1.3 -2.5 23.2761
6 -1 -2.2 32.8188
6 -1.1 -1.9 17.3314
6 -1.1 -2 33.5554
6 -0.9 -2 59.7344
6 -0.7 -2 44.884
6 -1.2 1.6 126.387
6 -1.4 1.4 57.5099
6 -1.2 1.3 109.943
6 -0.9 1.1 71.6663
6 -1.2 0.9 78.4248
6 -1.1 1.4 51.1823
6 -1.3 1.3 59.478
6 -1.1 1.2 37.7169
6 -1.1 1.1 66.5079
6 -1.4 1.3 35.5687
6 -1.4 0.9 56.6842
6 -1.7 1.4 7.40871
6 -1.6 1 41.5635
6 -1 1.2 24.1036
6 -1.4 1.6 48.9293
6 -1.4 1.5 30.9121
6 -1.3 1.4 40.2946
6 -1.4 1.1 51.7663
6 -1.7 1.2 35.4471
6 -1.2 1.5 64.6006
6 -1.2 1 72.2097
6 -1.1 1.3 48.4415
6 -1.6 1.3 59.0367
6 -1.4 1.2 60.972
6 -1.7 1.3 49.8496
6 -1.6 1.6 48.4327
6 -1.2 1.2 56.2074
6 -1.1 1.5 40.561
6 -1 1.3 21.9683
6 -1.3 1.5 35.893
6 -0.8 1.4 52.2887
6 -1.1 1.6 19.4074
6 -0.6 -2.3 100.013
6 -0.6 -2.5 128.951
6 -0.7 -2.4 96.7804
6 -0.9 -2.1 41.062
6 -0.9 -2.3 35.1164
6 -0.9 -2.2 24.0908
6 -0.8 -2.3 36.1974
6 -0.6 -2 11.4127
6 -0.8 -2.4 51.8006
6 -0.5 -2.4 50.6295
6 -0.7 -2.3 25.4416
6 -0.5 -2.6 54.9982
6 -0.5 -2.2 26.9454
6 -1.2 -2.4 23.7581
6 -0.5 -2 57.2302
6 -0.7 -1.8 40.9952
6 -0.4 -2.4 38.5808
6 -1 -2.3 53.2152
6 -0.7 -2.6 80.4219
6 -0.3 -2.4 27.9381
6 -0.3 -2.7 22.9768
6 -0.6 -2.7 28.4191
6 -0.3 -1.9 5.22085
6 -0.5 -2.1 49.968
6 -0.4 -2.3 48.5648
6 -0.4 -2.7 26.5305
6 -0.4 -2.6 35.4575
6 -0.5 -2.3 60.0813
6 -0.8 -2.6 67.8421
6 -0.5 -3.1 53.035
6 -0.7 -2.7 44.6584
6 -0.7 -2.8 13.4877
6 -0.7 -2.1 6.4906
6 -0.3 -2.2 20.3373
6 -0.3 -2.6 31.094
6 -1 -2.6 76.0018
6 -0.9 -2.8 46.7168
6 -0.6 -2.6 33.0427
6 1.2 3 94.1234
6 1 2.5 106.509
6 0.5 2.5 110.79
6 0.8 2.5 22.9897
6 0.9 2.5 27.724
6 0.9 2.7 41.4516
6 0.9 2.6 48.6202
6 1.1 2.4 59.6936
6 0.8 2.9 63.723
6 1.1 2.8 64.332
6 0.8 2.6 56.5841
6 0.8 2.8 32.2787
6 0.7 2.2 43.6622
6 1 2.7 29.8882
6 1 3 13.5075
6 1.1 2.9 23.6639
6 1.2 2.5 44.9365
6 1.2 2.7 47.7075
6 1 2.8 15.8117
6 0.9 2.8 41.8279
6 1.2 2.3 8.84454
6 1.1 3.1 45.9646
6 1.1 2.7 24.5247
6 1.2 2.8 27.3009
6 1.1 2.5 59.9843
6 0.8 2.7 44.8419
6 1 2.3 26.3396
6 0.7 2.5 31.2991
6 1.1 2.6 46.1119
6 -2 -1.5 89.0784
6 -2 -1.4 113.545
6 -2.3 -1.7 82.6459
6 -2.3 -1.6 56.996
6 -2.2 -1.8 28.808
6 -2.4 -1.8 66.8359
6 -2.3 -1.5 57.049
6 -2.2 -1.7 6.18081
6 -2.1 -1.4 48.9965
6 -2.2 -1.4 47.9857
6 -2.1 -1.8 1.71334
6 -2.2 -1.5 40.5012
6 -2.5 -1.7 20.3634
6 -2.3 -1.2 34.048
6 -2.6 -1.3 28.6228
6 -2.1 -2 66.7044
6 -2.4 -1.9 29.354
6 -2.6 -2.1 44.9192
6 -2.7 -1.9 65.879
6 -2.3 -2 61.124
6 -2.5 -1.6 26.7394
6 -2.6 -1.9 65.1577
6 -2.1 -2.3 59.4261
6 -2.6 -1.4 24.0292
6 -2.5 -2 40.59
6 -2.4 -1.5 49.982
6 -2.7 -1.4 27.2045
6 -2.4 -2.1 83.5791
6 -2.7 -2 28.736
6 -2.6 -1.8 14.988
6 2.5 1.4 122.444
6 2.6 1.5 85.0219
6 2.4 1.4 110.931
6 2.7 1.5 12.1535
6 2.4 1.5 54.4559
6 2.6 1.3 45.0059
6 2.6 1.4 47.7843
6 2.8 1.4 18.1322
6 2.7 1.6 36.2038
6 2.6 1.7 31.1598
6 2.9 1.5 59.2435
6 2.4 1.3 30.7957
6 2.4 1.6 61.8561
6 2.8 1.5 51.444
6 2.5 1.7 71.7023
6 2.3 1.3 21.9618
6 2.3 1.8 50.122
6 2.5 0.9 13.1773
6 2.4 2 29.9612
6 2.6 1.9 6.27122
6 2.9 1.4 49.1984
6 2.6 1.6 38.6483
6 2.5 1.5 40.8981
6 2.5 1.6 17.8795
6 2.3 1.6 34.3035
6 2.7 1.7 23.1954
6 2.5 1.2 32.4352
6 2.8 1.9 11.8667
6 3.2 1.1 54.4872
6 -2.7 -2.4 75.6379
6 -2.5 -2.7 74.9978
6 -2.6 -2.5 107.157
6 -2.7 -2.3 41.3279
6 -2.8 -2.5 36.2267
6 -2.7 -2.1 49.3069
6 -2.5 -2.8 66.6055
6 -2.5 -2.3 43.0859
6 -2.8 -2.7 9.35252
6 -2.2 -2 49.1456
6 -2.6 -2.7 42.6491
6 -2.4 -2.2 53.2065
6 -2.4 -2.6 64.0654
6 -2.4 -2.9 38.6763
6 -2.1 -2.7 58.3344
6 -2.6 -2.3 57.324
6 -2.2 -2.3 50.3223
6 -2.7 -2.8 26.2971
6 -2.8 -2 53.036
6 -2.6 -2 21.5151
6 -2.8 -2.3 25.488
6 -2.7 -1.8 34.4453
6 -2.8 -2.8 36.4188
6 -3.1 -2.7 30.3315
6 -3.1 -2.4 15.3503
6 -3.2 -2.1 12.2984
6 -2.8 -2.9 32.6151
6 -2.8 -1.8 10.9896
6 -3.1 -2.1 47.2208
6 -3.1 -2.6 57.0878
6 -3.2 -2.5 57.3493
6 -3.3 -2.5 29.1733
6 -3.1 -2.2 80.253
6 -3.1 -2.3 7.39229
6 -2.7 -1.7 53.6405
6 -3.1 -2 46.6679
6 -3.3 -2.3 36.3456
6 2.1 1.1 121.813
6 2.1 0.5 105.011
6 2 0.7 95.8444
6 2.2 1 25.2815
6 1.9 0.6 20.4834
6 2.1 0.6 20.749
6 2 0.5 22.8865
6 2.2 0.8 25.4921
6 2 0.8 41.3834
6 1.9 1.1 60.0758
6 1.8 0.6 52.247
6 1.7 0.9 11.0973
6 2.1 0.8 17.369
6 2 1 36.5481
6 1.9 0.8 38.836
6 2.1 0.7 39.9161
6 1.6 0.7 33.7271
6 2.2 0.9 28.8051
6 1.8 1 52.2146
6 1.9 1 44.4323
6 2 0.9 14.329
6 2.1 0.9 60.1289
6 2 0.6 53.1636
6 2 1.1 32.9412
6 2.2 0.7 100.203
6 1.6 1.1 26.3799
6 1.9 1.2 56.673
6 1.8 0.8 13.0011
6 1.8 0.7 25.5512
6 1.8 1.1 18.6453
6 1.9 0.5 18.8483
6 2 1.4 9.88541
6 2.4 0.8 36.52
6 2.3 0.5 52.7089
6 -0.8 1.3 66.7023
6 -1.3 1.6 104.784
6 -1.3 1.7 108.411
6 -1.7 1.5 6.92345
6 -1.7 1.6 82.998
6 -1.5 1.8 58.7555
6 -1.3 1.1 38.6621
6 -1.6 1.1 43.3913
6 -1.6 1.7 92.5704
6 -1.5 1.9 69.5398
6 -1.7 1.7 52.5407
6 -1.2 1.7 73.3098
6 -1.1 1.7 37.3317
6 -1.1 1.8 17.8178
6 -1.2 1.4 42.7924
6 -1.6 1.8 54.0811
6 -1.3 1 37.0496
6 -1.7 1 34.6152
6 -1.6 1.5 31.0578
6 -1.4 1 36.2517
6 -1.6 1.9 42.5138
6 -1 1.6 47.0325
6 -1 1.5 26.74
6 -1.3 1.8 32.0398
6 -1.3 2 33.1183
6 -1 1.4 42.5877
6 -1.6 1.2 45.1006
6 -1.3 1.9 44.4036
6 -1.2 -1.5 100.189
6 -1.6 -1.5 87.8918
6 -1.2 -1.6 111.831
6 -1.1 -1.6 35.6393
6 -1.2 -1.4 9.94062
6 -1.1 -1.5 34.8355
6 -1.4 -1.8 7.47141
6 -1.3 -1.6 39.0433
6 -1.3 -1.7 28.2133
6 -1.1 -1.3 31.2888
6 -1.1 -1.4 8.10641
6 -1.1 -1.7 37.498
6 -1.3 -1.4 2.77145
6 -1 -1.4 24.866
6 -1.3 -1.5 53.6673
6 -1.3 -1.8 32.4229
6 -0.8 -1.7 28.4314
6 -0.9 -1.7 79.5589
6 -1 -1.6 47.6028
6 -1.5 -2 25.7728
6 -0.8 1 1e-08
6 1.5 1.1 1e-08
6 2.8 -1.2 1e-08
6 1.3 -2.6 1e-08
6 0 1.7 1e-08
6 -0.3 -1.6 1e-08
6 2.8 2.8 1e-08
6 2.4 -2.2 1e-08
6 2.1 -2.1 1e-08
6 1.1 -0.6 1e-08
6 -1.3 2.3 1e-08
6 0.6 2.8 1e-08
6 1.4 -0.3 1e-08
6 -1.7 2.1 1e-08
6 2.1 0.3 1e-08
6 1.3 -1.5 1e-08
6 2.1 -2.4 1e-08
6 0.7 0.6 1e-08
6 0.8 0 1e-08
6 1.8 -0.4 1e-08
6 1.4 -2 1e-08
6 1.9 -2.4 1e-08
6 2.4 3.1 1e-08
6 -2.9 -1.4 1e-08
6 -0.2 2.8 1e-08
6 -0.6 -0.4 1e-08
6 -0.8 2.7 1e-08
6 0.4 -1.4 1e-08
6 -1.8 0.7 1e-08
6 0.1 0.3 1e-08
6 2.2 2.5 1e-08
6 0.9 0.2 1e-08
6 -2.1 0.4 1e-08
6 -1.9 0.2 1e-08
6 3 2.4 1e-08
6 1.5 1.6 1e-08
6 2.6 -2.4 1e-08
6 0.1 -1.1 1e-08
6 -2 0 1e-08
6 -1.5 -1 1e-08
6 1.6 1 1e-08
6 -0.6 2.6 1e-08
6 -0.7 -0.9 1e-08
6 2.9 -0.2 1e-08
6 3 2.5 1e-08
6 0.7 1 1e-08
6 0.2 -1.4 1e-08
6 0.7 0.5 1e-08
6 -1.8 2.2 1e-08
6 1.3 -2.1 1e-08
6 0.3 2.6 1e-08
6 1.5 3.1 1e-08
6 0.7 1.6 1e-08
6 0.2 1.5 1e-08
6 -0.6 2.2 1e-08
6 1.4 -0.4 1e-08
6 -0.1 0.3 1e-08
6 -1.5 -0.8 1e-08
6 1.5 1.1 1e-08
6 -0.3 -0.4 1e-08
6 2.9 0.6 1e-08
6 0.7 0.8 1e-08
6 -1.5 -0.9 1e-08
6 2 -0.7 1e-08
6 -1.3 0.4 1e-08
6 -0.9 0.5 1e-08
6 -1.8 2 1e-08
6 -0.6 1.2 1e-08
6 -0.2 -1.7 1e-08
6 -2.3 2.1 1e-08
6 1.8 -0.2 1e-08
6 1.6 1.8 1e-08
6 -0.4 1.2 1e-08
6 1 0.2 1e-08
6 0.8 -1.2 1e-08
6 -1.9 0 1e-08
6 -1.3 0.5 1e-08
6 1.3 -0.6 1e-08
6 2.9 -1.4 1e-08
6 1.5 1 1e-08
6 -1 -0.8 1e-08
6 3 -1.5 1e-08
6 -1.1 -3 1e-08
6 1.9 1.4 1e-08
6 -0.8 -0.9 1e-08
6 0.5 0.1 1e-08
6 1.6 0.3 1e-08
6 1.4 1.8 1e-08
6 2.6 2.9 1e-08
6 -1.7 0.2 1e-08
6 -0.4 2.1 1e-08
6 -2.6 1.6 1e-08
6 -1.1 0.6 1e-08
6 2.8 -2 1e-08
6 0.6 1.2 1e-08
6 1.9 -0.7 1e-08
6 2.2 -1.3 1e-08
6 -1.2 2.1 1e-08
6 3 -0.3 1e-08
6 2.3 -1.7 1e-08
6 -0.3 2.4 1e-08
6 1.6 1 1e-08
6 -0.5 -1.3 1e-08
6 -1.6 3 1e-08
6 0.3 0.8 1e-08
6 2.2 2.1 1e-08
6 0.4 1.8 1e-08
6 -0.7 -3 1e-08
6 2.3 -0.1 1e-08
6 -0.3 1.1 1e-08
6 -1.7 0.1 1e-08
6 2.9 2.4 1e-08
6 -0.7 2.5 1e-08
6 0.1 1.5 1e-08
6 -0.1 -0.7 1e-08
6 2.5 2.5 1e-08
6 -1.2 -0.8 1e-08
6 1.4 0.6 1e-08
6 0.6 1.6 1e-08
6 2 1.5 1e-08
6 1.6 -0.2 1e-08
6 -1.8 0.8 1e-08
6 2.8 2.2 1e-08
6 -1.7 1 1e-08
6 -1.2 3 1e-08
6 2.5 -2 1e-08
6 1.3 0.3 1e-08
6 -2.3 1.9 1e-08
6 -0.8 2.7 1e-08
6 1.8 3.1 1e-08
6 1.8 0.5 1e-08
6 -0.8 -0.2 1e-08
6 -1.7 3.1 1e-08
6 -1.4 1.2 1e-08
6 2.7 2 1e-08
6 1.2 -0.2 1e-08
6 -0.5 2.3 1e-08
6 1.9 -0.7 1e-08
6 1.5 0.6 1e-08
6 -0.4 -2.9 1e-08
6 -0.1 0 1e-08
6 0.8 1.1 1e-08
6 -2.9 2.2 1e-08
6 -1.9 2.7 1e-08
6 -2.9 2.7 1e-08
6 -1 -1.3 1e-08
6 -1.7 2.5 1e-08
6 -2.1 2.6 1e-08
6 1.7 -0.3 1e-08
6 -0.2 -2.4 1e-08
6 -2.7 -1.2 1e-08
6 -2.2 2.8 1e-08
6 2.2 3 1e-08
6 1.6 1 1e-08
6 2.7 2.5 1e-08
6 2.7 2 1e-08
6 -0.6 -1.3 1e-08
6 -0.7 -0.6 1e-08
6 0 -2 1e-08
6 0.9 -1.9 1e-08
6 1.1 0.1 1e-08
6 -2.4 -0.2 1e-08
6 -1.9 0.1 1e-08
6 -0.7 -3 1e-08
6 0 0.3 1e-08
6 0.5 -2 1e-08
6 2.9 2.4 1e-08
6 -1 -0.8 1e-08
6 2.6 -1.5 1e-08
6 3 2.7 1e-08
6 0.1 2.3 1e-08
6 1.4 -2.2 1e-08
6 0.7 -0.8 1e-08
6 -2.3 2.9 1e-08
6 1.1 0.6 1e-08
6 -1.7 -1.8 1e-08
6 0.2 1.1 1e-08
6 -0.6 0.1 1e-08
6 -2.2 3 1e-08
6 1.8 2.7 1e-08
6 0.8 1.4 1e-08
6 1.2 -2.3 1e-08
6 2.6 -1.5 1e-08
6 0.7 1.3 1e-08
6 2.1 -1.8 1e-08
6 1.7 -1 1e-08
6 -2.9 1.6 1e-08
6 1.2 0.6 1e-08
6 -1.4 0.8 1e-08
6 -2.1 -1.2 1e-08
6 -1.6 3 1e-08
6 0.6 -2 1e-08
6 2 -0.4 1e-08
6 -2.1 1.5 1e-08
6 0.3 2.8 1e-08
6 1.4 -1.5 1e-08
6 1.7 0.5 1e-08
6 -0.4 -2.3 1e-08
6 -0.7 1.1 1e-08
6 0.4 1.9 1e-08
6 -0.7 1.9 1e-08
6 1.2 -2.1 1e-08
6 0.6 1.6 1e-08
6 0.9 -0.7 1e-08
6 -1.1 -0.8 1e-08
6 -1.4 -1.1 1e-08
6 1.8 -0.5 1e-08
6 0.4 2.4 1e-08
6 1.7 3.1 1e-08
6 2.3 -0.6 1e-08
6 2.3 2.4 1e-08
6 0.6 3 1e-08
6 0.1 -0.2 1e-08
6 0.4 -1.3 1e-08
6 0.7 -0.7 1e-08
6 0.9 2.9 1e-08
6 1 0 1e-08
6 0.9 0.3 1e-08
6 2.5 2 1e-08
6 0.8 -0.1 1e-08
6 -0.2 -1.6 1e-08
6 2.3 3.1 1e-08
6 -0.4 -0.3 1e-08
6 2 1.7 1e-08
7 2 -1.8 78.7219
7 1.7 -1.7 93.7448
7 1.9 -1.7 91.1192
7 2.1 -1.7 50.4564
7 1.9 -1.4 42.1625
7 2 -2 43.0414
7 2 -1.7 30.9284
7 1.5 -1.8 39.5894
7 2.1 -1.8 62.2689
7 1.9 -1.6 20.4084
7 1.8 -1.6 42.9212
7 2.1 -1.9 23.0053
7 1.8 -1.7 53.1536
7 1.7 -1.4 27.6678
7 1.6 -1.8 40.893
7 1.9 -2 5.83763
7 2.2 -2.1 8.42551
7 2.1 -2.1 32.5245
7 2.1 -1.1 73.6475
7 1.9 -1.5 26.9736
7 1.7 -1.8 37.6453
7 2 -1.6 16.5193
7 2.1 -1.6 16.3528
7 1.5 -1.3 30.9558
7 1.9 -1.9 55.0543
7 2.1 -1.3 71.0499
7 2.1 -1.5 33.0032
7 1.5 -1.7 45.9258
7 1.9 -1.8 42.6685
7 1.7 -2.2 43.6253
7 2.3 -1.7 43.5738
7 1.8 -1.9 59.8555
7 1.8 -1.8 21.1884
7 1.8 -2 25.4858
7 2.1 -2 61.5441
7 2 -1.9 16.0038
7 1.7 -1.9 21.7558
7 2.1 -1.2 66.9038
7 2.2 -1.4 30.6997
7 0.4 2.5 103.366
7 -0.1 2.6 113.179
7 -0.1 2.4 95.6364
7 0 2.1 56.6273
7 0.1 2.3 53.8312
7 -0.2 2.3 45.7256
7 -0.3 2.6 55.4489
7 0 2.2 43.3814
7 -0.1 2.5 32.7752
7 0 2.5 64.8345
7 -0.4 2.3 35.5336
7 -0.1 2.9 27.6489
7 0 2.3 66.0261
7 0.2 2.5 52.0512
7 0.1 2.5 7.87556
7 -0.3 2.3 41.5516
7 -0.1 2.3 70.7397
7 0.2 2.4 88.3764
7 0.1 2.6 53.4763
7 0 2.4 8.68408
7 0 2.6 66.5211
7 0.1 2.4 44.7757
7 -0.1 2.2 37.5945
7 0.2 2.3 3.84137
7 0.1 2.2 41.0093
7 -0.6 1.1 96.1228
7 0.1 0.4 106.467
7 0.1 0.9 98.5133
7 0 0.4 28.7024
7 -0.2 0.7 46.9109
7 -0.1 0.6 42.2459
7 0.1 0.6 50.9899
7 -0.2 0.6 58.5213
7 -0.6 0.9 10.9136
7 -0.2 0.8 47.8916
7 -0.3 0.7 48.7701
7 -0.3 0.5 28.3283
7 -0.2 0.4 117.276
7 0.1 0.7 71.8162
7 -0.1 0.4 39.5086
7 0.1 0.5 19.7997
7 0 0.6 17.7615
7 0.2 0.7 50.4462
7 -0.5 0.9 16.8902
7 -0.4 0.7 62.5086
7 -0.2 0.2 58.7756
7 0.2 0.8 3.1436
7 -0.5 0.4 55.463
7 -0.1 0.8 68.4318
7 0.1 0.8 64.97
7 1.5 2.1 87.8555
7 1.2 2 85.2918
7 1.6 2 106.431
7 1.4 2.2 43.0029
7 1.5 2.2 48.9585
7 1.1 2 17.0019
7 1.4 2.3 9.06731
7 0.9 2.3 48.8204
7 1.4 1.9 15.8886
7 1.2 2.4 47.7615
7 1.1 2.2 67.1222
7 1.2 1.8 30.5858
7 1 2.2 51.5131
7 1.2 2.2 83.8569
7 1.6 1.8 21.2738
7 1.5 1.8 27.0278
7 0.9 1.9 20.3669
7 1.5 2 38.5986
7 1.3 2.1 32.733
7 1.3 1.8 51.434
7 1.2 1.9 33.2571
7 1.3 2.2 63.2291
7 0.7 1.9 19.829
7 1.3 2 16.7845
7 1.1 2.3 37.891
7 1.3 1.9 57.5044
7 1.1 1.8 5.6082
7 1.1 1.9 15.4515
7 1.2 1.7 48.0879
7 1.3 1.7 19.1856
7 1.1 2.1 41.4541
7 1.2 2.1 33.2951
7 1.3 2.3 53.8759
7 1.2 2.3 35.2779
7 1.4 2.1 55.2572
7 -0.5 2.4 110.423
7 -0.6 2.2 106.936
7 -0.4 1.8 85.2609
7 -0.8 1.9 40.6713
7 -0.1 1.8 27.6886
7 -0.6 2.3 28.7887
7 -0.5 2.3 28.7712
7 -0.3 1.8 59.534
7 -0.6 1.5 22.1683
7 -0.5 1.9 31.485
7 -0.7 2.3 53.486
7 -0.6 1.4 31.1824
7 -0.3 2.2 26.748
7 -0.6 1.9 48.594
7 -0.6 1.7 41.3589
7 -0.4 2.1 19.5886
7 -0.4 2.2 63.3261
7 -0.4 1.9 80.53
7 -0.6 1.8 37.716
7 -0.9 1.6 22.2697
7 -0.5 1.8 30.8234
7 -0.2 1.9 38.244
7 -0.5 2.2 26.7523
7 -0.9 1.8 59.4414
7 -0.4 2 35.9642
7 -0.3 2 19.8367
7 -0.5 1.5 13.2812
7 -0.3 1.6 67.3878
7 -0.9 2.2 20.3224
7 -0.4 2.4 47.9622
7 -0.2 2.1 39.1219
7 -0.2 2 11.0216
7 -0.2 1.8 42.922
7 -1.3 0.1 125.094
7 -1 -0.2 73.7254
7 -1.4 -0.3 77.2223
7 -1.5 0 69.0824
7 -1.2 0 42.6625
7 -1.4 0.2 21.0884
7 -1.1 0.1 47.3163
7 -1 0.1 64.9811
7 -1.5 0.1 52.9091
7 -1.5 -0.1 33.0692
7 -1.5 0.6 21.9045
7 -0.8 -0.1 49.511
7 -1.3 0 56.2915
7 -1.5 0.4 24.6978
7 -1.7 -0.1 26.1808
7 -1.6 0.2 19.2058
7 -1.6 0.5 26.7498
7 -1.5 -0.2 49.9516
7 -1.1 -0.1 54.6091
7 -1.2 -0.2 66.0042
7 -1.3 -0.2 16.3129
7 -1.2 0.2 73.5108
7 -1.6 -0.4 20.68
7 -1.3 0.3 17.111
7 -1.1 0 1.94187
7 -1.6 0.1 50.9507
7 1 -1.7 92.0176
7 0.9 -1.9 95.8568
7 0.9 -2 117.413
7 1.2 -2.3 39.3578
7 0.3 -2.2 17.6623
7 1.1 -2 14.8856
7 0.7 -1.8 61.2335
7 0.9 -1.7 71.3099
7 0.6 -1.6 5.60543
7 0.8 -2 46.7339
7 0.8 -1.9 24.2958
7 1.1 -1.9 35.5381
7 0.8 -1.7 36.8511
7 0.8 -1.4 60.1823
7 0.6 -1.9 28.6966
7 0.6 -2 36.0744
7 1.3 -1.7 50.5578
7 0.8 -1.8 49.6471
7 0.7 -2 55.0084
7 0.8 -2.1 39.5175
7 0.7 -1.5 74.184
7 0.7 -1.7 19.7938
7 1.1 -1.5 11.1535
7 0.6 -2.2 27.1769
7 0.7 -2.1 60.2201
7 0.7 -1.9 55.5522
7 0.7 -2.3 30.3701
7 0.9 -2.2 7.30433
7 0.7 -1.3 16.6248
7 0.4 -1.8 30.4845
7 0.8 -2.2 23.5323
7 0.7 -2.2 21.7166
7 1.1 -1.7 25.3658
7 1.1 -1.8 28.5634
7 0.5 -2.3 99.9507
7 0.6 -2.4 96.2923
7 0.1 -2.4 70.1218
7 -0.1 -2.3 49.7644
7 0.4 -2.2 43.4414
7 0.1 -2.2 32.8272
7 0.4 -2.3 38.4203
7 0.2 -2.3 39.8309
7 0.2 -2.4 38.7063
7 0.8 -2.3 53.6112
7 0.5 -2.1 53.8879
7 0.3 -2.4 8.8782
7 0.3 -2.3 47.8772
7 0.5 -2.5 24.3907
7 0.5 -2.2 21.0285
7 0.8 -2.5 39.7227
7 0.6 -2.3 62.6107
7 0.2 -2.2 66.7319
7 0.3 -2 36.3842
7 0.9 -2.3 52.3879
7 0.7 -2.4 13.9513
7 0.4 -2.5 22.0956
7 0.3 -2.1 43.2182
7 0.4 -2.1 57.5955
7 0.2 -2 44.0797
7 0.5 -2.6 54.4709
7 -1.7 0.1 120.227
7 -1.8 0 111.091
7 -1.9 0.1 93.2193
7 -1.9 0 47.7443
7 -1.9 -0.2 45.8039
7 -2 -0.1 56.3359
7 -1.8 -0.2 27.8029
7 -1.6 0.3 15.275
7 -1.8 0.3 55.8642
7 -2.4 0.2 65.0485
7 -2.1 -0.1 16.6837
7 -2.3 -0.2 33.7641
7 -1.6 0.4 65.6974
7 -1.2 0.5 56.0834
7 -2.2 0 30.2573
7 -1.6 0 45.2092
7 -2.1 -0.2 10.3099
7 -2.4 0.3 48.074
7 -2.4 0.1 23.9181
7 -1.8 -0.5 31.1998
7 -1.6 -0.2 71.9431
7 -2.7 0.3 77.997
7 -2 0.8 21.82
7 -1.7 -0.3 46.8702
7 -1.6 -0.3 49.9249
7 -1.9 -0.5 64.7441
7 -2.4 -0.1 1.00825
7 -1.9 -0.3 54.6747
7 -2.2 -0.3 71.3045
7 -2.4 0 31.9127
7 -1.3 0.4 48.7083
7 -1.3 0.6 36.1273
7 -2.6 0.3 36.1275
7 -2.4 0.5 46.9552
7 -2.4 0.7 99.755
7 -2.5 0.6 74.9679
7 -2 0.9 92.0542
7 -2.2 -0.4 31.4296
7 -2.4 0.8 54.9188
7 -2.6 0.5 63.0533
7 -2.3 1 44.7018
7 -2.3 0.8 66.9028
7 -2.4 0.9 24.4857
7 -2.6 0.6 43.9018
7 -2.6 0.2 61.6509
7 -2.2 1 81.5285
7 -2.3 0.9 99.4517
7 -2.7 0.8 26.5782
7 -2.6 0.8 0.023832
7 -2.7 0.4 69.6526
7 -2.7 0 59.8339
7 -2.4 -0.2 13.4997
7 -2.6 0.4 39.9494
7 -2.6 0.1 25.8981
7 -1.9 1 60.6401
7 -2.6 0.7 25.8319
7 -2.3 -0.3 60.5755
7 -2.8 0.3 31.7986
7 -2.1 1 72.9268
7 -2.7 0.5 47.8042
7 -2.6 0 45.3298
7 -2.5 1.2 39.1654
7 -2.7 0.6 73.1176
7 -2.6 -0.2 31.6019
7 -2.7 0.2 59.8583
7 -2.7 0.9 71.1844
7 -2.7 0.1 30.4265
7 -2.7 0.7 87.5805
7 -1.2 -3.1 1e-08
7 -2 -2.9 1e-08
7 -2.9 2.6 1e-08
7 -1.2 2.8 1e-08
7 -0.4 0.4 1e-08
7 1.6 1.7 1e-08
7 -0.8 -0.2 1e-08
7 0.4 2 1e-08
7 1.7 0.1 1e-08
7 -0.7 1.6 1e-08
7 2.7 0.4 1e-08
7 2 -2.9 1e-08
7 0.1 1.1 1e-08
7 1.1 2.5 1e-08
7 -1.9 -0.2 1e-08
7 2.5 1.8 1e-08
7 -2.1 -1.7 1e-08
7 -2.8 2.1 1e-08
7 1.4 -2 1e-08
7 -2.2 1.2 1e-08
7 2.8 -1.4 1e-08
7 -3 -1.2 1e-08
7 0.9 1 1e-08
7 2.7 1.3 1e-08
7 2.5 2.1 1e-08
7 0 1.6 1e-08
7 -1.2 -0.8 1e-08
7 2.9 -2.7 1e-08
7 -0.1 0.7 1e-08
7 1.9 -2.8 1e-08
7 -1.2 -0.8 1e-08
7 -0.8 -2.1 1e-08
7 0.3 0.4 1e-08
7 1.8 1 1e-08
7 -0.4 2.7 1e-08
7 2.3 0.1 1e-08
7 -0.7 1.5 1e-08
7 -1.4 -2.4 1e-08
7 -1.4 -2.7 1e-08
7 1 1.2 1e-08
7 -0.7 -2.7 1e-08
7 -0.4 -0.1 1e-08
7 -2 1.9 1e-08
7 2.6 2.8 1e-08
7 1.1 -1.6 1e-08
7 1.7 0.3 1e-08
7 -2.8 1.1 1e-08
7 1.6 -2.6 1e-08
7 1.4 1.1 1e-08
7 -0.7 2 1e-08
7 -2.5 -2.7 1e-08
7 -2 -2.8 1e-08
7 -3 0.5 1e-08
7 -0.9 -2.9 1e-08
7 2.3 1.8 1e-08
7 -0.2 1.2 1e-08
7 -0.3 -3.1 1e-08
7 -0.5 -3 1e-08
7 1.6 -1 1e-08
7 1.2 1.3 1e-08
7 1.7 -1.3 1e-08
7 -1.6 2.6 1e-08
7 -2.6 -0.8 1e-08
7 0.3 -0.5 1e-08
7 1.8 -1.5 1e-08
7 2.6 1.3 1e-08
7 -0.1 -0.9 1e-08
7 2.1 -1.4 1e-08
7 2.1 -2.2 1e-08
7 2.9 -1.6 1e-08
7 -2.2 -3.1 1e-08
7 2.3 -2.6 1e-08
7 2.7 2.7 1e-08
7 0.5 0.5 1e-08
7 1.4 -2.7 1e-08
7 -1.7 -3.1 1e-08
7 2.1 -0.8 1e-08
7 1.4 0 1e-08
7 -1.1 -0.4 1e-08
7 0.1 1.7 1e-08
7 2.4 -3.1 1e-08
7 1.9 -2.7 1e-08
7 2.5 0.2 1e-08
7 -2.7 -2 1e-08
7 -0.1 0.2 1e-08
7 -2.9 3 1e-08
7 -1.1 0.9 1e-08
7 -1.2 1.5 1e-08
7 -2 3.1 1e-08
7 1 2.6 1e-08
7 -3 -2.3 1e-08
7 2.2 1.6 1e-08
7 -2.3 -1.2 1e-08
7 1.4 0.6 1e-08
7 -1.6 3 1e-08
7 0.3 -0.2 1e-08
7 2.9 1.1 1e-08
7 0.5 2.7 1e-08
7 -0.9 2.8 1e-08
7 1.7 -2.4 1e-08
7 -2.8 -1.5 1e-08
7 2.8 -1.1 1e-08
7 2.2 2.3 1e-08
7 -3 -0.3 1e-08
7 -2.7 -0.2 1e-08
7 1.1 2.7 1e-08
7 -2.3 -2.3 1e-08
7 2.2 0 1e-08
7 -0.5 1 1e-08
7 -1.1 -2.6 1e-08
7 -0.8 -2.5 1e-08
7 0.4 1.3 1e-08
7 -0.7 0 1e-08
7 2.8 1 1e-08
7 2.1 2.3 1e-08
7 -2.7 2.7 1e-08
7 -1.1 2.7 1e-08
7 2.8 -0.7 1e-08
7 -1.1 1.9 1e-08
7 -2.7 -2.4 1e-08
7 2.8 -1.6 1e-08
7 -2.9 1.1 1e-08
7 0.2 -0.7 1e-08
7 1.2 2.5 1e-08
7 1.9 0.9 1e-08
7 -1.7 3 1e-08
7 -2.4 -0.7 1e-08
7 -0.9 0.6 1e-08
7 -0.3 -2.6 1e-08
7 1.4 -1.1 1e-08
7 3 0.2 1e-08
7 0.4 1.4 1e-08
7 -1.1 -1.4 1e-08
7 2.9 1.1 1e-08
7 0.3 2.2 1e-08
7 -1.7 -1.4 1e-08
7 -3 -0.1 1e-08
7 -2.1 -1.7 1e-08
7 -2.8 -0.9 1e-08
7 2.7 1.8 1e-08
7 2.8 -1.5 1e-08
7 0.8 3.1 1e-08
7 1.6 0.2 1e-08
7 -0.6 0.6 1e-08
7 -2.6 -2.9 1e-08
7 -1.4 2.6 1e-08
7 2.8 1.2 1e-08
7 -2.7 2.4 1e-08
7 -1.6 -1.8 1e-08
7 -1.4 -2.2 1e-08
7 -0.5 -2 1e-08
7 1.7 3.1 1e-08
7 -1.5 1.6 1e-08
7 -1.3 2.8 1e-08
7 -3 2.1 1e-08
7 -0.7 -1.4 1e-08
7 -0.3 -1.6 1e-08
7 1.3 -3 1e-08
7 -2.3 -2.3 1e-08
7 -2.5 -2.3 1e-08
7 -0.4 2.6 1e-08
7 -2.6 1.6 1e-08
7 2.5 2.7 1e-08
7 2.8 0.1 1e-08
7 1.9 2.2 1e-08
7 -2.5 -1.3 1e-08
7 -0.7 1.6 1e-08
7 -1 -0.8 1e-08
7 -0.7 -1.1 1e-08
7 -0.2 0.3 1e-08
7 -2.7 2.8 1e-08
7 0 0.8 1e-08
7 1 -2.8 1e-08
7 -0.1 -1.5 1e-08
7 -2.7 -0.6 1e-08
7 -0.3 -2.2 1e-08
7 2.6 0.7 1e-08
7 2.5 2 1e-08
7 -2.3 -1.3 1e-08
7 -1.2 2.8 1e-08
7 1.6 0.9 1e-08
7 -0.1 0.3 1e-08
7 -1.9 -3 1e-08
7 3 -0.1 1e-08
7 -1.5 -3 1e-08
7 2.7 -0.7 1e-08
7 1.8 1.6 1e-08
7 0.7 -3.1 1e-08
7 -1.4 2.6 1e-08
7 -3 0 1e-08
7 -2.8 -1.5 1e-08
7 0.7 2.4 1e-08
7 -2.6 -1.9 1e-08
7 0.9 -0.8 1e-08
7 2.1 -1.4 1e-08
7 -1.4 -2.9 1e-08
7 -2.3 -3 1e-08
7 1.6 -0.2 1e-08
7 -2.6 2.3 1e-08
7 1.9 0.4 1e-08
7 0 -2.7 1e-08
7 0.2 1 1e-08
7 -0.7 -1.7 1e-08
7 1.2 0 1e-08
7 -2 -2 1e-08
7 0.5 0.5 1e-08
7 -2.6 -1.8 1e-08
7 -1.6 2.6 1e-08
7 2.2 -2.4 1e-08
7 1 0.3 1e-08
7 -0.7 1.5 1e-08
8 0.9 -2.4 82.1598
8 0.6 -2.5 99.7515
8 1 -1.8 95.1161
8 1.1 -2.1 36.9503
8 1 -2.2 57.7718
8 0.8 -2.1 37.9807
8 0.9 -2.3 34.1006
8 1.1 -2.5 1.16699
8 0.4 -2.4 31.7747
8 0.8 -2.5 44.0101
8 0.9 -2 44.9502
8 1 -2.6 65.0578
8 1.1 -2.3 31.4186
8 0.9 -2.6 55.9785
8 0.8 -2 40.2783
8 1.1 -1.8 27.785
8 0.5 -2.5 40.5168
8 1.2 -2.1 26.401
8 0.8 -2.2 67.0567
8 1 -2.4 52.2987
8 1 -2.3 16.7153
8 1.3 -2 20.3239
8 0.8 -2.3 51.5093
8 0.7 -2.2 20.3776
8 0.7 -2.4 45.448
8 0.7 -2.3 54.6744
8 1.2 -2.3 12.3869
8 -2.3 -1.9 127.306
8 -2.5 -2.2 58.0646
8 -2.5 -2 71.3425
8 -2.4 -1.8 52.4408
8 -2.5 -2.4 16.5817
8 -2.7 -1.8 45.557
8 -2.3 -2.3 47.7723
8 -2.8 -2.2 79.7953
8 -2.3 -1.4 28.2707
8 -2.4 -1.9 52.6161
8 -2.2 -1.8 86.9073
8 -1.9 -1.8 46.7496
8 -2.2 -2.1 69.5235
8 -2.2 -2.2 8.8119
8 -2.1 -1.8 57.1765
8 -2.2 -2 37.8669
8 -2.2 -2.3 13.6752
8 -2.4 -2.1 58.8508
8 -2.7 -1.9 43.3638
8 -2.8 -2 59.7434
8 -2.3 -2.4 21.1816
8 -2 -2.1 34.2611
8 -2.5 -2.3 53.4595
8 1.4 1.4 120.267
8 2.1 1.3 89.9152
8 1.6 1.4 98.018
8 1.9 1.2 17.0912
8 1.8 1.3 31.2564
8 1.7 0.9 26.2991
8 2 0.8 25.587
8 1.8 1.1 7.90798
8 2 1.4 60.3493
8 1.6 0.8 38.0269
8 2 1.3 46.8255
8 1.9 1.1 6.67229
8 2 1.2 83.0011
8 2 1.1 22.9951
8 1.6 1.3 67.7597
8 1.6 1.1 10.4816
8 1.9 0.9 9.38397
8 1.7 1.2 70.7931
8 1.8 1.4 49.9637
8 1.6 0.9 22.4486
8 1.7 1.1 56.334
8 2 0.9 20.3256
8 1.9 1.5 24.3074
8 1.8 0.8 67.2943
8 1.5 1.1 16.3222
8 1.5 1 75.7882
8 1.8 0.6 31.1401
8 1.5 1.2 52.5567
8 2.1 1.2 36.6248
8 1.9 1 34.9103
8 -1.9 2.2 107.201
8 -1.6 1.7 70.5884
8 -1.7 1.9 92.6179
8 -1.5 1.8 31.9828
8 -1.1 1.8 46.8707
8 -1.6 1.9 51.9041
8 -1.8 1.7 49.9947
8 -1.9 2 38.7798
8 -1.6 2.2 56.7104
8 -1.5 2 51.8091
8 -1.8 1.8 16.6671
8 -1.5 1.9 55.7861
8 -1.7 2.3 52.4211
8 -1.7 2 43.7266
8 -1.5 1.7 32.6022
8 -1.6 2 3.70147
8 -1.9 1.9 18.1517
8 -1.9 1.3 16.8946
8 -1.6 1.8 31.3743
8 -1.9 1.4 38.3032
8 -1.9 1.7 25.9288
8 -2.1 1.8 24.5797
8 -2 1.8 13.7137
8 -1.4 1.6 28.8658
8 -1.5 1.4 32.9276
8 -1.8 2.1 33.0173
8 2.2 -0.6 85.9907
8 1.8 -0.4 103.308
8 2 -0.6 114.508
8 2.2 -0.2 59.0332
8 2.2 -1.3 63.9434
8 2.1 -0.7 18.5608
8 2.1 -0.5 15.0335
8 1.9 -0.5 41.3143
8 1.8 -0.5 23.0346
8 2.2 -0.1 40.488
8 2.1 -0.6 32.6979
8 2.7 -0.5 46.0722
8 1.8 -0.7 44.3345
8 2 -1.1 45.9656
8 1.9 -0.3 18.8288
8 2.2 -0.5 23.2221
8 2.3 -0.5 66.4717
8 2 -0.2 19.668
8 2.3 -0.4 58.6313
8 2.2 -0.8 48.1002
8 1.9 -1 35.5065
8 2.2 -0.3 50.6468
8 1.9 -0.7 13.5715
8 1.9 -0.4 14.4177
8 2.1 -0.4 71.1882
8 1.9 -0.6 9.02582
8 2.4 -0.4 64.1963
8 1.9 -0.9 38.7274
8 2.3 -0.7 28.2001
8 2.1 -0.9 31.62
8 2.2 -0.4 76.761
8 2.2 -0.9 51.5416
8 2 -0.7 45.0541
8 2.3 -0.3 46.7937
8 -1.2 2.3 65.9875
8 -0.8 1.9 84.2556
8 -1.1 2.1 97.0902
8 -0.9 2 29.3085
8 -0.9 2.1 61.5217
8 -0.9 1.9 2.26025
8 -0.8 2.4 37.7549
8 -0.9 2.2 47.4236
8 -1.1 2.3 55.0514
8 -0.7 2 50.5044
8 -0.9 2.3 19.0233
8 -1.1 2 58.5488
8 -1.1 2.4 30.8719
8 -1 2 24.5012
8 -0.7 2.4 65.2268
8 -1 2.3 35.7089
8 -1.2 2 64.2913
8 -0.7 1.7 17.5231
8 -0.7 1.8 47.5981
8 -1 1.7 22.9438
8 -0.9 1.6 50.2252
8 -1.3 1.9 5.15988
8 -1 2.5 54.1156
8 -0.8 2.2 1.35179
8 -0.7 2.3 41.5897
8 -0.7 1.9 31.2715
8 -1.1 1.9 58.1019
8 -1 2.1 49.0039
8 -1.2 1.7 52.1632
8 -1.1 2.5 43.4131
8 -0.6 2.4 31.9048
8 -1.6 1 109.089
8 -1.4 1.3 94.4958
8 -1.7 1.2 85.9594
8 -1.8 1.1 7.59283
8 -1.6 1.4 60.9555
8 -1.7 1.4 57.1867
8 -1.5 1 60.4038
8 -1.8 0.8 52.9035
8 -1.7 1 40.9749
8 -1.9 1.5 39.9944
8 -1.8 1.3 60.5374
8 -1.5 1.2 78.6009
8 -2 1.2 69.6209
8 -1.2 1.5 24.8939
8 -1.3 1.2 0.694275
8 -1.6 1.2 34.6961
8 -1.7 1.5 32.6874
8 -1.6 1.6 18.9545
8 -1.4 0.8 48.4975
8 -1.6 1.5 44.7947
8 -1.6 1.3 26.6862
8 -1.3 1.7 17.8047
8 -2.1 1.3 96.2694
8 2.1 1.1 87.0365
8 1.9 1.3 53.5664
8 2.2 1.1 112.097
8 2.1 0.9 61.8561
8 2.3 0.8 55.7735
8 2.3 1.1 42.0176
8 2 1 1.45121
8 2.3 1.2 60.9753
8 2.3 1.3 36.5301
8 2.4 1.3 19.1475
8 2.3 0.9 39.8855
8 2.1 0.7 30.5409
8 2.5 1.3 56.8873
8 1.9 1.4 63.3967
8 2.1 0.8 53.0868
8 2.3 1 30.1589
8 2.6 1.1 63.1538
8 2.1 1.4 47.4946
8 2.4 1.1 71.0795
8 2.1 1 44.8364
8 2.2 0.9 47.8411
8 2.3 1.6 8.77969
8 2 0.7 8.9179
8 2.6 1 60.2062
8 2.4 1 47.7291
8 2.3 1.4 47.5367
8 2.4 1.2 37.3868
8 2.4 0.7 40.9223
8 2.2 1 24.7059
8 2.4 0.8 22.5217
8 2.2 0.6 25.2123
8 2.2 1.5 50.1471
8 2.4 1.4 69.9662
8 2.2 1.3 36.4309
8 2.2 1.2 46.9062
8 2.7 1.3 87.1735
8 2.5 1.1 29.1354
8 2.2 0.8 51.0177
8 0.7 0.1 92.7353
8 0.9 -0.4 134.31
8 0.5 -0.7 89.1407
8 0.3 -0.4 33.3114
8 0.6 -0.6 51.8806
8 0.4 -0.5 82.804
8 0.5 -0.8 37.3393
8 0.5 -0.4 43.9611
8 0.6 -0.3 47.2166
8 0.7 -0.5 57.3483
8 0.4 -0.3 21.2166
8 0.5 -0.5 47.5983
8 0.8 -0.7 47.5365
8 0.2 -0.3 21.565
8 0.3 -0.3 42.8915
8 0.7 -0.6 62.258
8 0.1 -0.6 50.4847
8 0.7 -0.2 13.0822
8 0.2 -0.6 76.5056
8 -0.1 -0.5 48.5524
8 1.1 0.5 104.673
8 1 0.9 92.4274
8 1.1 0.7 86.4029
8 1 0.4 43.4265
8 0.9 0.8 54.8597
8 0.8 0.5 39.8466
8 0.9 0.6 54.6553
8 1 0.5 33.2769
8 1.1 0.8 61.3234
8 0.5 0.6 68.446
8 1.3 0.6 12.9207
8 1.1 0.6 23.2458
8 0.7 0.6 57.9328
8 0.8 0.7 24.186
8 0.7 0.7 43.1284
8 0.7 0.9 24.5876
8 1.1 0.9 46.7017
8 0.3 0.5 7.89634
8 0.5 0.7 46.1364
8 0.5 0.8 52.6122
8 1.2 0.5 25.9878
8 1.2 0.3 1e-08
8 0.7 -0.4 1e-08
8 -2.3 2 1e-08
8 0.9 -2.3 1e-08
8 -2.5 0.6 1e-08
8 1.9 -2.3 1e-08
8 2.8 -1.2 1e-08
8 2.9 -2.5 1e-08
8 2.9 -1.2 1e-08
8 2.6 -0.1 1e-08
8 -0.3 2.8 1e-08
8 -1.9 0.3 1e-08
8 1.2 0.7 1e-08
8 2 3 1e-08
8 -1.7 -0.5 1e-08
8 2.6 -3 1e-08
8 1.6 2.7 1e-08
8 -2.2 1.3 1e-08
8 -2.8 2.7 1e-08
8 -1.1 0.2 1e-08
8 1.9 -0.2 1e-08
8 -3 -1.4 1e-08
8 -1.2 -1.4 1e-08
8 -2.7 -0.3 1e-08
8 0 -0.5 1e-08
8 0.8 -3.1 1e-08
8 0.8 1.7 1e-08
8 2.7 1.8 1e-08
8 1.6 0.3 1e-08
8 -0.4 -1 1e-08
8 -1 0.7 1e-08
8 1.5 -2.7 1e-08
8 1.8 0.5 1e-08
8 2.1 3.1 1e-08
8 1.8 0.2 1e-08
8 2.7 -1 1e-08
8 1.5 2.7 1e-08
8 -1.5 -2.1 1e-08
8 2.1 2.5 1e-08
8 2.8 -2.6 1e-08
8 1.9 2.3 1e-08
8 0.1 1.6 1e-08
8 1.5 -1.3 1e-08
8 0.8 2.1 1e-08
8 1.4 -1.1 1e-08
8 0.2 -1.7 1e-08
8 1.6 2.8 1e-08
8 -0.3 2.6 1e-08
8 -2.9 2.7 1e-08
8 2.8 0.7 1e-08
8 -1.5 2.3 1e-08
8 0.7 -2.3 1e-08
8 -2.8 -2.7 1e-08
8 -1.9 -3.1 1e-08
8 2.4 -2.5 1e-08
8 0.1 0.6 1e-08
8 0.5 -2.8 1e-08
8 1.3 0.7 1e-08
8 0.5 2.1 1e-08
8 1.5 -1.2 1e-08
8 -2.8 1.3 1e-08
8 -0.7 0.9 1e-08
8 0.3 2.2 1e-08
8 1.8 3 1e-08
8 0.1 -1.4 1e-08
8 -0.3 -2.9 1e-08
8 1.2 -1.3 1e-08
8 2.7 1.9 1e-08
8 -2.3 1.4 1e-08
8 -1.8 -2.2 1e-08
8 0.2 -0.7 1e-08
8 0.6 2.2 1e-08
8 -2.8 0.2 1e-08
8 -1.5 -0.4 1e-08
8 2.1 -2.6 1e-08
8 -3 -2.1 1e-08
8 -2.5 1.8 1e-08
8 0.7 2 1e-08
8 -1.5 3.1 1e-08
8 -2.7 -2.9 1e-08
8 1 -3.1 1e-08
8 -0.1 -0.2 1e-08
8 -0.8 -2.9 1e-08
8 -2.7 2.2 1e-08
8 0.4 2.2 1e-08
8 -1.8 -0.5 1e-08
8 0.4 1.1 1e-08
8 1.6 2.5 1e-08
8 0.7 -2 1e-08
8 0.8 -1.6 1e-08
8 -2.3 3 1e-08
8 -0.1 1.4 1e-08
8 2.3 -2.5 1e-08
8 -1.8 0.6 1e-08
8 -1.6 2.5 1e-08
8 -2.8 0.1 1e-08
8 -1.8 -1.6 1e-08
8 0 2.3 1e-08
8 0.1 0.2 1e-08
8 -2.6 2 1e-08
8 -2.7 -0.3 1e-08
8 -1.3 1.8 1e-08
8 1.4 -2.6 1e-08
8 0.8 1.7 1e-08
8 0.3 3 1e-08
8 2.6 -2.3 1e-08
8 2.2 0.7 1e-08
8 -2.1 2.3 1e-08
8 -1.1 0 1e-08
8 0.1 0.7 1e-08
8 2.1 0.3 1e-08
8 -0.6 0.6 1e-08
8 2.7 0.8 1e-08
8 1.2 0.8 1e-08
8 -1.6 -1.5 1e-08
8 1.2 1 1e-08
8 0.4 -3 1e-08
8 1.9 -1.5 1e-08
8 -0.4 -2.9 1e-08
8 2.4 -3 1e-08
8 -0.3 2.6 1e-08
8 3 -1.2 1e-08
8 -3 -1.4 1e-08
8 -2.9 -2.9 1e-08
8 -1.8 2.6 1e-08
8 2.8 -1.1 1e-08
8 0.8 1.8 1e-08
8 -0.1 -0.3 1e-08
8 -2.2 -1.1 1e-08
8 1.1 0 1e-08
8 -0.5 -2.2 1e-08
8 0.2 -2.9 1e-08
8 -2.3 3 1e-08
8 -0.5 2.3 1e-08
8 0.4 0.6 1e-08
8 0.3 -0.9 1e-08
8 1.5 -0.3 1e-08
8 2.6 0.9 1e-08
8 0.3 -3 1e-08
8 -0.1 -0.1 1e-08
8 2.1 -1.8 1e-08
8 0.1 0.7 1e-08
8 0.3 1.8 1e-08
8 2.9 2.3 1e-08
8 -2.1 1.7 1e-08
8 -2.1 2 1e-08
8 1.7 -2 1e-08
8 -0.3 -1.3 1e-08
8 2.9 0.1 1e-08
8 -2.7 -0.4 1e-08
8 -0.9 -0.9 1e-08
8 2.6 2.4 1e-08
8 0.5 -3.1 1e-08
8 -0.6 0.2 1e-08
8 2 2.5 1e-08
8 -1.5 -2.6 1e-08
8 1.7 -2.7 1e-08
8 2.8 -1.4 1e-08
8 2.4 2.8 1e-08
8 -1.6 0.2 1e-08
8 2.9 -1.5 1e-08
8 2.3 1.7 1e-08
8 3 0.1 1e-08
8 -1.7 2.5 1e-08
8 2.5 -2.9 1e-08
8 0 2.5 1e-08
8 -1.2 0.2 1e-08
8 1.7 2.9 1e-08
8 0.2 2.3 1e-08
8 -1.1 -1.6 1e-08
8 -1.5 -2 1e-08
8 -0.3 -1.2 1e-08
8 -1 -2.4 1e-08
8 0.4 -3.1 1e-08
8 1.1 1.2 1e-08
8 -2.3 3 1e-08
8 0.7 1.4 1e-08
8 -1.9 -0.2 1e-08
8 2 3 1e-08
8 -2.5 2.4 1e-08
8 1.1 -0.9 1e-08
8 2.6 -0.3 1e-08
8 -2.5 -2.7 1e-08
8 -1.8 -1.7 1e-08
8 0.1 2.3 1e-08
8 2.2 2.2 1e-08
8 -2.7 -0.2 1e-08
8 1.7 2 1e-08
8 1.6 -2 1e-08
8 0.3 -2 1e-08
8 0.7 -1.8 1e-08
8 0 2.3 1e-08
8 -1.2 -0.2 1e-08
8 -1.9 0.3 1e-08
8 -1.4 1.2 1e-08
8 -0.1 -1.5 1e-08
8 1.5 -3.1 1e-08
8 1.3 -2.4 1e-08
8 2.3 1.9 1e-08
8 -0.5 -1.2 1e-08
8 1.6 -2.2 1e-08
8 1.1 -0.8 1e-08
8 -1.3 0.1 1e-08
8 0 -3.1 1e-08
8 -1.5 2.2 1e-08
8 0.1 -0.5 1e-08
8 2.9 1.7 1e-08
8 2.1 -3 1e-08
8 -1.9 -2.5 1e-08
8 1.7 -0.2 1e-08
8 1.7 0.8 1e-08
8 1.2 -0.1 1e-08
8 0.2 -2.5 1e-08
8 -2.4 1.4 1e-08
8 -0.2 -2.4 1e-08
8 -3 -1.2 1e-08
8 -0.4 -0.6 1e-08
8 -2.4 2 1e-08
8 2.2 2 1e-08
8 0.2 -1.2 1e-08
8 0.3 2.7 1e-08
8 1.1 -2.6 1e-08
8 -0.6 -1.2 1e-08
8 0.6 1.3 1e-08
8 -0.2 3.1 1e-08
8 -2.9 -3.1 1e-08
8 -0.9 2.6 1e-08
8 0.7 -3 1e-08
8 -0.8 1.2 1e-08
8 0.1 2.5 1e-08
8 0.2 1.8 1e-08
8 -2.6 -2 1e-08
8 -0.7 1 1e-08
8 1.7 -0.2 1e-08
8 0 3 1e-08
8 -1 -2.5 1e-08
8 -2.7 -2.3 1e-08
8 2.6 1.7 1e-08
8 -0.2 -2.4 1e-08
8 0.1 0.2 1e-08
8 -2.3 -0.6 1e-08
8 2.8 1.2 1e-08
8 2.5 -1 1e-08
8 -0.7 -2 1e-08
8 2.6 0.9 1e-08
8 1.3 0.5 1e-08
8 -2.3 -2.8 1e-08
8 2.3 -1.4 1e-08
8 2.9 1.8 1e-08
8 -0.1 -3.1 1e-08
8 1.6 -0.2 1e-08
8 2.1 2.1 1e-08
8 0.7 -1.3 1e-08
9 -2 -0.8 77.2137
9 -2.5 -0.9 79.2072
9 -2.3 -0.8 80.6411
9 -2.2 -0.9 37.4748
9 -2 -0.9 37.307
9 -2 -1.1 77.0256
9 -1.8 -0.8 62.4754
9 -1.7 -1.1 36.6087
9 -2.1 -1 56.5166
9 -2.1 -0.9 49.3446
9 -2.2 -1.1 43.8658
9 -2.3 -0.5 28.0064
9 -1.9 -0.5 36.9935
9 -2.2 -1.3 18.0512
9 -2.4 -0.7 30.2829
9 -2.6 -0.8 36.4209
9 -2.1 -0.8 46.0465
9 -2.2 -1 82.9842
9 -2.3 -1.2 43.0903
9 1.2 -0.5 126.427
9 0.8 -0.8 63.4166
9 1.1 -1 133.05
9 1.2 -0.7 52.678
9 0.9 -1 43.8069
9 1 -0.5 31.0971
9 1.3 -0.5 12.0505
9 1.3 -0.9 41.7062
9 1.4 -0.8 33.1732
9 1.2 -1.2 54.4911
9 1.4 -0.6 54.8488
9 1 -0.8 52.3691
9 1.1 -0.9 26.9637
9 0.9 -0.9 34.4149
9 1.2 -0.8 3.99635
9 0.9 -1.1 46.4837
9 0.8 -0.6 90.67
9 1.1 -0.8 33.0435
9 0.9 -0.6 59.5222
9 0.9 -0.7 85.4339
9 1.2 -0.9 59.1067
9 1.1 -0.7 32.1718
9 1.3 -0.6 9.55115
9 0.9 -0.8 37.2962
9 1 -0.6 70.6711
9 1 -0.9 33.6802
9 0.6 -0.4 12.1062
9 1.2 -0.6 13.4063
9 0.7 -0.7 51.5433
9 0.8 -1.1 74.4296
9 0.7 -0.4 64.8733
9 1.1 -0.5 49.2706
9 1.1 -0.6 27.7928
9 1.5 -0.4 36.8673
9 -1.4 -1.2 55.0321
9 -1.5 -0.8 99.8019
9 -2 -1 124.727
9 -1.7 -1 21.1728
9 -1.6 -1 45.103
9 -1.8 -0.6 48.8012
9 -1.8 -0.9 18.3392
9 -2 -1.2 46.4362
9 -1.4 -1 16.855
9 -1.6 -1.1 44.0908
9 -1.6 -0.6 32.5399
9 -1.6 -0.8 47.2414
9 -1.6 -0.5 56.0672
9 -1.6 -0.7 24.2326
9 -2.2 -0.8 79.7921
9 -1.6 -0.9 48.1249
9 -1.8 -0.7 41.3733
9 -1.9 -0.6 66.3925
9 -2 -1.3 62.453
9 -1.8 -1.2 63.9839
9 -2.1 -0.7 33.8708
9 -1.8 -1.4 28.1072
9 -1.3 -1 37.0123
9 -1.5 -1.4 20.9122
9 -1.5 -0.9 5.61521
9 -2.2 -1.2 19.1258
9 -1.4 -0.6 13.3023
9 -1.3 -1.1 40.8093
9 -2.1 -1.2 44.1573
9 -1 -1.1 48.6694
9 -1.7 -0.5 70.549
9 -2.1 -0.5 16.6779
9 -1.6 -1.2 70.5361
9 1.2 0.6 83.9079
9 1.2 0.8 101.532
9 1 0.3 111.232
9 1.3 0.4 29.8924
9 1.3 0.1 51.1109
9 1.1 0 29.1349
9 1.2 0.4 50.1779
9 1.4 0.1 28.6882
9 1.5 0.4 72.3301
9 1.1 0.2 66.1892
9 1 0.1 51.613
9 1 0.2 41.2583
9 1.2 0.1 8.95464
9 1.1 0.1 50.707
9 1.1 0.3 34.8207
9 1 0.5 12.9316
9 1.4 0.3 34.0408
9 1.3 0.2 30.8932
9 1.4 0.6 25.0704
9 1.2 0.3 73.0275
9 1.1 0.4 74.7132
9 1 0.4 30.027
9 1.4 0.4 58.7947
9 1.4 0.2 63.0494
9 1.2 0.2 42.6943
9 1.6 0.4 50.3814
9 1.3 0.3 27.0102
9 1.2 0.7 36.4225
9 1.2 0.5 90.7012
9 1.3 0.5 37.0429
9 1.1 0.5 40.5752
9 -2.1 0.6 73.4518
9 -2 0.8 87.8034
9 -2.1 0.7 71.2237
9 -2.4 0.6 58.8947
9 -2.6 0.5 49.3851
9 -2.3 0.6 27.8506
9 -1.9 0.7 41.7923
9 -2.7 0.7 56.8815
9 -2.1 0.8 6.85237
9 -2 0.5 43.4809
9 -2.5 0.4 50.0203
9 -2.5 0.8 66.3835
9 -2 0.6 12.7688
9 -2 1 59.9429
9 -2.2 0.6 58.0831
9 -2.1 1.2 55.7674
9 -2.6 0.4 10.1912
9 -2.1 0.5 20.4544
9 -2.3 1 71.4101
9 -2.2 0.8 61.0798
9 -2.2 0.4 62.4068
9 -1.6 -0.4 129.423
9 -1.2 0.2 128.187
9 -1.5 0.2 91.634
9 -1.4 -0.1 39.4717
9 -1.3 -0.1 40.8201
9 -1.7 0 51.6243
9 -1.8 0.3 5.69329
9 -1.4 0 44.5168
9 -0.9 0 32.6942
9 -1.5 -0.2 42.8283
9 -1.4 0.4 15.0827
9 -1.5 0.1 38.2755
9 -1.7 0.1 27.8459
9 -1.5 -0.3 36.9852
9 -1.3 0.1 53.615
9 -1.1 -0.2 18.7084
9 -1.3 -0.3 38.25
9 -1.1 0.3 25.528
9 -1.7 0.2 66.5679
9 -1.1 0 62.1483
9 -1.3 0 31.2892
9 -1.6 -0.3 49.5128
9 -1.2 0 72.474
9 -1.5 0.5 48.124
9 -1.9 2.4 98.4333
9 -1.7 2 82.8645
9 -1.6 2.3 107.006
9 -1.7 2.1 50.6415
9 -1.5 2.3 25.4661
9 -2 2.1 32.5449
9 -2 2.2 26.1422
9 -2 1.9 51.0733
9 -1.5 2.4 35.5852
9 -1.9 2.5 41.7289
9 -1.6 2.1 21.9426
9 -1.6 2.5 31.3886
9 -1.8 2.4 13.1217
9 -1.2 2.6 29.6885
9 -1.6 2.2 30.9702
9 -1.6 2.4 17.7928
9 -1.9 2.6 51.2937
9 -2.1 2 9.20427
9 -2.4 2.4 73.3714
9 -1.7 2.3 78.1459
9 -2.1 2.3 53.1032
9 -1.7 2.6 37.2762
9 -1.4 2.6 27.7325
9 -2.1 2.5 27.1023
9 -1.4 2.2 57.4259
9 -1.9 2.7 32.5103
9 -1.7 2.5 51.6536
9 -2.2 2.4 54.8605
9 -1.5 2.5 28.9169
9 -2.2 -0.3 97.9699
9 -2.2 -0.7 118.153
9 -2.1 -0.6 91.1066
9 -2.4 -0.8 62.6512
9 -2.2 -0.5 50.7111
9 -2.1 -0.2 36.4848
9 -1.9 -0.4 67.4771
9 -2.6 -0.9 15.4662
9 -2.1 -1.3 15.178
9 -2.3 -0.9 50.7434
9 -2.1 -0.4 56.933
9 -2.4 -1.2 11.689
9 -2.3 -0.7 49.174
9 -2.4 -0.5 15.3213
9 -2.4 -0.6 56.8978
9 -2.3 -0.6 42.4825
9 -2.6 -1 72.2372
9 -2.6 -1.5 60.898
9 -2 -1.4 26.6934
9 -1.9 -0.2 12.1209
9 -2.4 -0.4 27.3691
9 -2.2 -0.2 44.9592
9 -2.4 -1.1 20.8023
9 -1.7 -0.2 54.7305
9 -2.6 -0.5 36.7016
9 -2.3 -0.2 25.5543
9 -2.1 -1.4 62.1605
9 -1.3 -0.8 59.3251
9 -1.5 -0.4 14.4175
9 -2.3 -1.4 52.2027
9 -2.4 -0.2 55.3745
9 -2.6 -1.1 37.3253
9 -2.6 -0.7 47.5225
9 0.2 -0.7 136.655
9 -0.2 -0.6 87.9159
9 0.2 -0.9 86.26
9 0.1 -0.5 14.3617
9 0.3 -0.7 77.5936
9 0.1 -0.8 2.56467
9 0 -0.7 56.1321
9 -0.2 -0.9 39.7007
9 -0.3 -1 8.57839
9 0.5 -0.6 48.9532
9 0.1 -0.9 41.8054
9 0.3 -0.8 33.2149
9 0.2 -0.8 63.0436
9 0.1 -0.7 8.03054
9 0.2 -0.5 33.9091
9 -0.3 -0.8 38.556
9 0.1 -0.6 38.7859
9 -0.2 -1.2 56.8046
9 0.1 -1.1 6.70927
9 -0.1 -0.6 41.4642
9 0.4 -0.6 46.666
9 0 -0.8 49.9662
9 0.1 -0.4 33.6561
9 0.2 -0.6 29.9656
9 0 -0.6 1.4541
9 -0.1 -0.9 42.6963
9 -0.1 -0.8 26.4971
9 0.4 -0.8 35.9477
9 -0.1 -0.5 68.9517
9 -0.1 -0.7 33.5858
9 0.1 -0.2 26.8145
9 0.1 -0.3 42.694
9 -0.2 -0.8 39.8874
9 0.6 -0.8 45.7307
9 -0.1 -0.4 50.6233
9 -0.3 -0.6 43.6756
9 -0.1 1 116.429
9 -0.3 1.1 126.816
9 -0.1 1.6 106.561
9 -0.1 0.9 1.85436
9 0 1.1 45.646
9 -0.3 0.9 30.0784
9 -0.2 1.1 15.8866
9 0 0.9 32.3651
9 -0.2 1 29.3376
9 -0.1 1.1 9.64015
9 -0.1 1.4 23.7697
9 0 1 32.8793
9 -0.1 0.8 12.6633
9 -0.1 0.7 4.88574
9 -0.3 1.5 47.4765
9 -0.3 1.3 25.8219
9 -0.5 1.4 44.5432
9 0 0.8 39.2584
9 -0.4 1.5 14.1844
9 -0.3 0.8 53.0305
9 0.1 0.8 42.3115
9 -0.3 1.2 56.0989
9 -0.4 0.8 28.3939
9 -0.1 1.3 53.8576
9 -0.2 0.9 50.9735
9 0.1 1.1 30.015
9 0.1 0.9 46.067
9 -0.4 1.3 7.47468
9 -0.2 0.7 38.784
9 0.1 1.3 47.2606
9 -0.6 1.2 40.5106
9 -0.2 1.3 36.9623
9 0.1 1.4 58.1637
9 -0.1 1.2 65.7091
9 0.1 1.2 55.4283
9 -0.2 1.5 15.7348
9 -2.4 1.2 1e-08
9 0.5 0.4 1e-08
9 2.1 2.2 1e-08
9 0.3 2.2 1e-08
9 1 -3.1 1e-08
9 -1.3 -2.6 1e-08
9 -0.9 -0.5 1e-08
9 0.2 -1.2 1e-08
9 -2.5 3 1e-08
9 -1.9 0 1e-08
9 -2.7 -0.3 1e-08
9 1.6 -3 1e-08
9 -2.4 1.6 1e-08
9 1.6 2.2 1e-08
9 2.4 1.4 1e-08
9 1.3 0.8 1e-08
9 0.5 -1.3 1e-08
9 0.2 -0.2 1e-08
9 0.3 0.3 1e-08
9 3 1.4 1e-08
9 0.6 2.7 1e-08
9 -2.7 -0.4 1e-08
9 -0.1 -1.8 1e-08
9 2.5 1.2 1e-08
9 -2.3 -2.8 1e-08
9 -1.7 0.3 1e-08
9 2.9 -2.3 1e-08
9 1 2.7 1e-08
9 -2.3 2.6 1e-08
9 3 2.8 1e-08
9 1.9 1.8 1e-08
9 2.9 -2.1 1e-08
9 -2.9 0 1e-08
9 -0.6 0.7 1e-08
9 -2.3 -2.8 1e-08
9 0.9 -1.3 1e-08
9 1.1 -2.3 1e-08
9 2.3 2.5 1e-08
9 -0.1 -2.9 1e-08
9 1.8 -2.2 1e-08
9 -0.3 -1.5 1e-08
9 -2.3 -1.8 1e-08
9 2.6 -3 1e-08
9 -0.8 -0.9 1e-08
9 2.8 -2.4 1e-08
9 -1.4 -1.4 1e-08
9 -1.7 -2 1e-08
9 2.9 2.6 1e-08
9 2.7 -3 1e-08
9 -1.8 -3 1e-08
9 1.4 2 1e-08
9 2.9 0.7 1e-08
9 -2.9 0.8 1e-08
9 -2.6 -2.8 1e-08
9 1.7 -2.5 1e-08
9 -1.4 -1.8 1e-08
9 2.1 -0.6 1e-08
9 1.6 2.5 1e-08
9 -2.8 3 1e-08
9 -0.6 2.6 1e-08
9 -2.5 -1.6 1e-08
9 2.4 2 1e-08
9 2.4 0.8 1e-08
9 -0.7 -3.1 1e-08
9 1.1 -1.2 1e-08
9 2.2 1.9 1e-08
9 0.6 -0.7 1e-08
9 -2.7 -1.7 1e-08
9 1.9 1.6 1e-08
9 1.3 -2.8 1e-08
9 -1.3 2.6 1e-08
9 0.6 0.8 1e-08
9 -2.7 -1.2 1e-08
9 -0.6 3 1e-08
9 -1.3 2.8 1e-08
9 0.2 0.6 1e-08
9 1.7 2.5 1e-08
9 0.2 2.7 1e-08
9 -2.1 1 1e-08
9 -0.1 2.8 1e-08
9 0.9 2.9 1e-08
9 -2.8 -1.9 1e-08
9 0.2 -1.5 1e-08
9 2.9 2.8 1e-08
9 -2.1 3 1e-08
9 2.3 1.8 1e-08
9 -0.9 -0.8 1e-08
9 1.3 3.1 1e-08
9 3 1.9 1e-08
9 -0.1 1.9 1e-08
9 1.2 1.2 1e-08
9 1.1 2.6 1e-08
9 -0.6 -0.7 1e-08
9 -1.6 0.8 1e-08
9 2.9 2 1e-08
9 1.6 0.2 1e-08
9 1.5 -0.9 1e-08
9 -2.2 -3.1 1e-08
9 -1.6 2.8 1e-08
9 0.9 1.5 1e-08
9 -2 2.8 1e-08
9 1.7 0.7 1e-08
9 2.1 -3 1e-08
9 -2.8 1.4 1e-08
9 -1.2 0.8 1e-08
9 -0.4 1.9 1e-08
9 2.8 3 1e-08
9 2.2 1.7 1e-08
9 -2.2 -1.7 1e-08
9 0.6 2 1e-08
9 -1 -0.9 1e-08
9 2.4 0.8 1e-08
9 0.3 2.2 1e-08
9 -2.1 -2.2 1e-08
9 0.4 -2.3 1e-08
9 -0.4 2.8 1e-08
9 -1.1 1.2 1e-08
9 2.3 -2.2 1e-08
9 -2.7 -2.1 1e-08
9 -1.6 -3.1 1e-08
9 2.6 0.3 1e-08
9 -2.9 0 1e-08
9 1.7 -2.4 1e-08
9 2.2 2.7 1e-08
9 2.7 2.9 1e-08
9 0.4 2.8 1e-08
9 -2.9 -3 1e-08
9 0.2 0.1 1e-08
9 0.3 -0.9 1e-08
9 0.1 -0.1 1e-08
9 3 -0.1 1e-08
9 -2 -2.8 1e-08
9 2.6 1.5 1e-08
9 -0.9 0.6 1e-08
9 -0.4 -1 1e-08
9 1.9 1.4 1e-08
9 1.1 2.7 1e-08
9 0.4 -0.1 1e-08
9 0.2 0.6 1e-08
9 -0.4 2.6 1e-08
9 2.9 -2.4 1e-08
9 1.7 1.5 1e-08
9 1.2 -1.7 1e-08
9 2.4 0 1e-08
9 -2.7 3 1e-08
9 -1.2 1 1e-08
9 -0.3 3 1e-08
9 0.9 1.8 1e-08
9 0.6 -0.6 1e-08
9 1 -2.9 1e-08
9 -1 -3.1 1e-08
9 -0.4 1.8 1e-08
9 2.9 1.4 1e-08
9 0.4 2.4 1e-08
9 1.7 -2.3 1e-08
9 0.7 0.9 1e-08
9 0.3 0.7 1e-08
9 -2.7 -1.6 1e-08
9 2.7 3 1e-08
9 2.9 -2.7 1e-08
9 -1.3 -1.4 1e-08
9 -1.7 -1.4 1e-08
9 2.3 -2.9 1e-08
9 -0.1 2.9 1e-08
9 2.1 -0.4 1e-08
9 -2.1 1.6 1e-08
9 -1.5 0.9 1e-08
9 2.3 1.3 1e-08
9 0.9 -3.1 1e-08
9 -1 2 1e-08
9 -1.9 -2.3 1e-08
9 1.6 0.8 1e-08
9 -2.6 0 1e-08
9 2.9 1.3 1e-08
9 1.1 0.9 1e-08
9 -0.5 -2.7 1e-08
9 2.1 2.5 1e-08
9 -1.9 2.4 1e-08
9 1.7 -2.2 1e-08
9 -0.2 -2.3 1e-08
9 0.9 -2.8 1e-08
9 2.5 2.6 1e-08
9 0.6 0.8 1e-08
9 -0.6 2.6 1e-08
9 -0.6 0.3 1e-08
9 -0.5 2.1 1e-08
9 3 0.7 1e-08
9 -1.6 1.6 1e-08
9 1.9 1 1e-08
9 1.7 2.7 1e-08
9 -2.2 2.7 1e-08
9 -2.3 1.2 1e-08
9 2.7 -1.8 1e-08
9 -0.8 -2.9 1e-08
9 0.9 -1.8 1e-08
9 0.1 2.7 1e-08
9 -1.3 1.2 1e-08
9 2 1.1 1e-08
9 2.3 -1.2 1e-08
9 -1.1 -2.3 1e-08
9 0.6 3.1 1e-08
9 2 1.6 1e-08
9 -0.9 -0.8 1e-08
9 0.5 -3 1e-08
9 -0.3 2.9 1e-08
9 2.9 1.9 1e-08
9 2 1.4 1e-08
9 -2.3 -2.6 1e-08
9 2.7 1.2 1e-08
9 -1.8 -2.3 1e-08
9 -1.4 -2.4 1e-08
9 -2.7 -1.3 1e-08
9 0.4 -2.9 1e-08
9 -1.9 -2.8 1e-08
9 -2.4 2 1e-08
9 2.7 -3.1 1e-08
9 1.4 1.1 1e-08
9 1.5 -0.8 1e-08
9 2.3 1 1e-08
9 -2.3 -2.4 1e-08
9 0.5 -0.5 1e-08
9 -3 2.3 1e-08
9 -2 0.1 1e-08
